2.398428005427078702e+01
2.191542084951582936e+01
4.743650534138128094e+00
-4.681931316575593804e-01
-7.894118833756041731e+00
-1.012381585837016651e+01
-1.442113016228046796e+01
-1.809947573289503353e+01
-2.218103439950644784e+01
-2.313201628569876434e+01
-2.443191212969713533e+01
-2.182886579703057706e+01
3.507122166456348999e-01
8.107880352696835047e+00
1.320978246099340403e+01
1.564228567605765541e+01
2.813627899867301707e+01
3.217973395346221110e+01
3.436913294409055908e+01
3.466183431909699664e+01
3.473315308406885293e+01
3.458080069154437552e+01
3.420429629646321956e+01
3.360761192836714173e+01
3.263168845687679465e+01
3.176677587650512535e+01
3.037423427801914855e+01
2.893839906902818981e+01
2.750605770197247679e+01
1.940685970048626530e+01
1.475387886505264490e+01
-2.124400840267070478e+01
-2.234347372091416517e+01
-2.041305354371310798e+01
-1.730339227965147231e+01
-1.558031837356696592e+01
-1.360853229823148958e+01
-6.909850406363454489e+00
-4.473739852722892429e+00
8.662658955500925018e+00
1.829844134295294467e+01
2.098239380069805193e+01
2.275086811177093082e+01
2.666443465893791043e+01
2.825501991837416327e+01
2.981273881114375612e+01
3.140326706315469707e+01
3.226007484365835154e+01
3.321309580143002904e+01
3.399873437793956299e+01
3.441363788443799621e+01
3.165333536297319839e+01
2.895260651140113950e+01
2.690756011661420999e+01
2.544913386184589044e+01
2.103230371313192748e+01
1.922673624182564467e+01
6.854746495309509413e+00
4.244614481948982387e+00
1.618977585099633743e+00
-9.423059480825961565e-01
-4.182772787377843748e+00
-1.062972971514137654e+01
-1.279695075405303051e+01
-1.670727823405375645e+01
-1.995545323289676887e+01
-2.247014891438525197e+01
-2.335088135238610008e+01
-2.405621213873815023e+01
-2.453801166596771921e+01
-2.404358817081832100e+01
-2.350049777283497221e+01
-2.152039090656833409e+01
-1.519928503407670739e+01
-1.105613715385240603e+01
-6.422703781873457807e+00
1.137789129250645459e+00
6.347461247934975681e+00
8.943806185846693069e+00
2.701064230407387967e+01
3.252790810164637492e+01
3.340421631839181060e+01
3.406389087355869094e+01
3.450176318883666937e+01
3.471473979074922767e+01
3.470108823055618785e+01
3.446086480855507261e+01
3.399596886379337946e+01
3.330982645907942441e+01
2.825426521189399764e+01
1.616226422811607577e+01
8.619332037114714851e+00
-2.274293195019948755e+01
-2.359812337597418619e+01
-2.464133556388137336e+01
-2.482101904032161244e+01
-2.448992403454450439e+01
-2.398161386992288513e+01
-1.649422602997398357e+01
-4.114360906649575433e+00
-8.913901137524153029e+00
-1.122838350347558922e+01
-1.531131598243653791e+01
-1.715034024378443078e+01
-1.882464935917204585e+01
-2.352619476486706773e+01
-2.418479208824192384e+01
-2.461756727877360262e+01
-2.403147925781284400e+01
-1.837727426740120151e+01
-1.056354191569317358e+01
-8.401196792155646520e+00
-6.012208142101891362e+00
6.652688494704102062e-01
-1.141154701609569422e+01
-1.379214496558249969e+01
-1.738248035526580892e+01
-2.290797710212796190e+01
-2.374396836237569275e+01
-2.424037771540573871e+01
-2.469911592312185533e+01
-2.322434497919323704e+01
1.841724795897551559e+00
1.215644678197484296e+01
1.470296848551238789e+01
