-1.426506270424049738e+01
-1.217530718075658847e+01
5.169904993219248901e+00
1.043439039807366342e+01
1.793532096757537175e+01
2.018753883826169471e+01
2.452825776302131189e+01
2.824375611873703562e+01
3.236654018658040144e+01
3.332712737629152144e+01
3.464015269657721063e+01
3.201081453810218846e+01
9.607213772958758113e+00
1.771695086308227030e+00
-3.381738306637328773e+00
-5.838810792715459108e+00
-1.845899852530650875e+01
-2.254329401835333968e+01
-2.475480682853396175e+01
-2.505046460637847971e+01
-2.512250371985969011e+01
-2.496861250625643791e+01
-2.458830526377783698e+01
-2.398559414107822718e+01
-2.299981344592159260e+01
-2.212616489699749067e+01
-2.071955806245368237e+01
-1.926922033434477655e+01
-1.782241173739449991e+01
-9.641408544671001835e+00
-4.941430711880829385e+00
3.142004984637987164e+01
3.253062021114783420e+01
3.058070200565616048e+01
2.743963189909640121e+01
2.569915424632273826e+01
2.370745233031488297e+01
1.694111102907059418e+01
1.448039476883054633e+01
1.211312994160094636e+00
-8.521794711277930645e+00
-1.123285617957415106e+01
-1.301919279987676781e+01
-1.697228795959921754e+01
-1.857893877655159898e+01
-2.015239126317745999e+01
-2.175898449690636838e+01
-2.262444638419008314e+01
-2.358709324093216608e+01
-2.438066708633906288e+01
-2.479976128686520909e+01
-2.201157858817795088e+01
-1.928357127765941570e+01
-1.721786908320147447e+01
-1.574471213057209162e+01
-1.128327020240640799e+01
-9.459465765877769883e+00
3.037486104914567608e+00
5.673981512338100330e+00
8.326138408874701469e+00
1.091329194661866708e+01
1.418648881787978944e+01
2.069856263058395385e+01
2.288767348272267910e+01
2.683749685938417784e+01
3.011847974573700171e+01
3.265857487555234684e+01
3.354820306909667238e+01
3.426065798302932564e+01
3.474732388128177263e+01
3.424790650790325941e+01
3.369933067619449929e+01
3.169922392588557258e+01
2.531427231525600874e+01
2.112927695771310610e+01
1.644904402570237423e+01
8.812187063677296095e+00
3.549895139442550640e+00
9.273260625327788276e-01
-1.732199244264591798e+01
-2.289498486692817991e+01
-2.378014415278446947e+01
-2.444648168904279473e+01
-2.488877669265142956e+01
-2.510390444479458338e+01
-2.509011499829575698e+01
-2.484746522210835096e+01
-2.437787363937612284e+01
-2.368480091753406569e+01
-1.857817644722927852e+01
-6.364041339463050839e+00
1.255077532029567955e+00
3.293411313088423498e+01
3.379794233759935906e+01
3.485169139255401660e+01
3.503318974512763617e+01
3.469875054523890867e+01
3.418530624138313811e+01
2.662229274146118385e+01
1.411738594935435387e+01
1.896540348703951295e+01
2.130326306546644943e+01
2.542743482172238956e+01
2.728503397546851161e+01
2.897625429334178548e+01
3.372528721828908971e+01
3.439053664227652263e+01
3.482768303810749444e+01
3.423567528995550191e+01
2.852436053133589056e+01
2.063170630746335732e+01
1.844752061942555699e+01
1.603440221314832215e+01
9.289479990310198332e+00
2.148827660399960493e+01
2.389291956022423946e+01
2.751951879641495324e+01
3.310082530591965622e+01
3.394526041763327129e+01
3.444668370686405012e+01
3.491005535690410966e+01
3.342038862711161329e+01
8.101141360725769403e+00
-2.317763509196999916e+00
-4.890006116817834148e+00
