2.386299999999999955e+01
2.179410000000000025e+01
4.622370000000000090e+00
-5.894700000000000495e-01
-8.015399999999999636e+00
-1.024510000000000076e+01
-1.454240000000000066e+01
-1.822080000000000055e+01
-2.230229999999999890e+01
-2.325329999999999941e+01
-2.455320000000000036e+01
-2.195009999999999906e+01
2.294319999999999971e-01
7.986600000000000144e+00
1.308849999999999980e+01
1.552100000000000080e+01
2.801500000000000057e+01
3.205850000000000222e+01
3.424790000000000134e+01
3.454059999999999775e+01
3.461189999999999856e+01
3.445949999999999847e+01
3.408299999999999841e+01
3.348629999999999995e+01
3.251039999999999708e+01
3.164549999999999841e+01
3.025300000000000011e+01
2.881709999999999994e+01
2.738479999999999848e+01
1.928559999999999874e+01
1.463260000000000005e+01
-2.136530000000000129e+01
-2.246480000000000032e+01
-2.053430000000000177e+01
-1.742470000000000141e+01
-1.570159999999999911e+01
-1.372979999999999912e+01
-7.031130000000000102e+00
-4.595019999999999882e+00
8.541380000000000194e+00
1.817719999999999914e+01
2.086110000000000042e+01
2.262959999999999994e+01
2.654319999999999879e+01
2.813370000000000104e+01
2.969150000000000134e+01
3.128200000000000003e+01
3.213880000000000337e+01
3.309179999999999922e+01
3.387749999999999773e+01
3.429240000000000066e+01
3.153209999999999980e+01
2.883129999999999882e+01
2.678630000000000067e+01
2.532789999999999964e+01
2.091100000000000136e+01
1.910549999999999926e+01
6.733469999999999622e+00
4.123339999999999783e+00
1.497700000000000031e+00
-1.063579999999999970e+00
-4.304050000000000153e+00
-1.075099999999999945e+01
-1.291820000000000057e+01
-1.682860000000000156e+01
-2.007669999999999888e+01
-2.259140000000000015e+01
-2.347220000000000084e+01
-2.417749999999999844e+01
-2.465930000000000177e+01
-2.416489999999999938e+01
-2.362180000000000035e+01
-2.164170000000000016e+01
-1.532060000000000066e+01
-1.117740000000000045e+01
-6.543980000000000352e+00
1.016510000000000025e+00
6.226180000000000270e+00
8.822530000000000427e+00
2.688939999999999841e+01
3.240659999999999741e+01
3.328289999999999793e+01
3.394259999999999877e+01
3.438049999999999784e+01
3.459349999999999881e+01
3.457979999999999876e+01
3.433959999999999724e+01
3.387469999999999715e+01
3.318849999999999767e+01
2.813299999999999912e+01
1.604100000000000037e+01
8.498049999999999216e+00
-2.286420000000000030e+01
-2.371940000000000026e+01
-2.476259999999999906e+01
-2.494229999999999947e+01
-2.461120000000000019e+01
-2.410290000000000177e+01
-1.661550000000000082e+01
-4.235640000000000072e+00
-9.035180000000000433e+00
-1.134970000000000034e+01
-1.543260000000000076e+01
-1.727159999999999940e+01
-1.894590000000000174e+01
-2.364750000000000085e+01
-2.430610000000000070e+01
-2.473880000000000123e+01
-2.415279999999999916e+01
-1.849859999999999971e+01
-1.068479999999999919e+01
-8.522470000000000212e+00
-6.133479999999999599e+00
5.439850000000000518e-01
-1.153279999999999994e+01
-1.391339999999999932e+01
-1.750379999999999825e+01
-2.302929999999999922e+01
-2.386520000000000152e+01
-2.436169999999999902e+01
-2.482039999999999935e+01
-2.334560000000000102e+01
1.720450000000000035e+00
1.203519999999999968e+01
1.458169999999999966e+01
