-1.426510000000000034e+01
-1.217530000000000001e+01
5.169909999999999783e+00
1.043440000000000012e+01
1.793530000000000157e+01
2.018750000000000000e+01
2.452830000000000155e+01
2.824380000000000024e+01
3.236650000000000205e+01
3.332710000000000150e+01
3.464020000000000010e+01
3.201080000000000325e+01
9.607219999999999871e+00
1.771700000000000053e+00
-3.381730000000000125e+00
-5.838809999999999611e+00
-1.845899999999999963e+01
-2.254329999999999856e+01
-2.475479999999999947e+01
-2.505049999999999955e+01
-2.512249999999999872e+01
-2.496859999999999857e+01
-2.458830000000000027e+01
-2.398560000000000159e+01
-2.299980000000000047e+01
-2.212620000000000076e+01
-2.071959999999999980e+01
-1.926920000000000144e+01
-1.782239999999999824e+01
-9.641400000000000858e+00
-4.941430000000000433e+00
3.142010000000000147e+01
3.253059999999999974e+01
3.058070000000000022e+01
2.743959999999999866e+01
2.569920000000000115e+01
2.370749999999999957e+01
1.694109999999999872e+01
1.448039999999999949e+01
1.211319999999999952e+00
-8.521789999999999310e+00
-1.123290000000000077e+01
-1.301919999999999966e+01
-1.697230000000000061e+01
-1.857890000000000086e+01
-2.015240000000000009e+01
-2.175900000000000034e+01
-2.262440000000000140e+01
-2.358709999999999951e+01
-2.438070000000000093e+01
-2.479980000000000118e+01
-2.201160000000000139e+01
-1.928359999999999985e+01
-1.721790000000000020e+01
-1.574469999999999992e+01
-1.128330000000000055e+01
-9.459459999999999980e+00
3.037490000000000023e+00
5.673989999999999867e+00
8.326140000000000541e+00
1.091329999999999956e+01
1.418650000000000055e+01
2.069859999999999900e+01
2.288769999999999882e+01
2.683749999999999858e+01
3.011850000000000094e+01
3.265859999999999985e+01
3.354820000000000135e+01
3.426069999999999993e+01
3.474730000000000274e+01
3.424790000000000134e+01
3.369930000000000092e+01
3.169920000000000115e+01
2.531429999999999936e+01
2.112930000000000064e+01
1.644900000000000162e+01
8.812189999999999301e+00
3.549900000000000055e+00
9.273289999999999589e-01
-1.732199999999999918e+01
-2.289499999999999957e+01
-2.378010000000000090e+01
-2.444650000000000034e+01
-2.488879999999999981e+01
-2.510389999999999944e+01
-2.509009999999999962e+01
-2.484750000000000014e+01
-2.437790000000000035e+01
-2.368479999999999919e+01
-1.857819999999999894e+01
-6.364029999999999632e+00
1.255079999999999973e+00
3.293410000000000082e+01
3.379789999999999850e+01
3.485170000000000101e+01
3.503320000000000078e+01
3.469879999999999853e+01
3.418529999999999802e+01
2.662229999999999919e+01
1.411739999999999995e+01
1.896539999999999893e+01
2.130330000000000013e+01
2.542739999999999867e+01
2.728500000000000014e+01
2.897629999999999839e+01
3.372529999999999717e+01
3.439050000000000296e+01
3.482770000000000010e+01
3.423570000000000135e+01
2.852439999999999998e+01
2.063169999999999860e+01
1.844750000000000156e+01
1.603440000000000154e+01
9.289490000000000691e+00
2.148829999999999885e+01
2.389290000000000092e+01
2.751950000000000074e+01
3.310079999999999956e+01
3.394530000000000314e+01
3.444669999999999987e+01
3.491009999999999991e+01
3.342040000000000077e+01
8.101139999999999119e+00
-2.317769999999999886e+00
-4.890010000000000190e+00
