2.459517753922773991e+06
2.459518751891783904e+06
2.459525752830040175e+06
2.459527759857582860e+06
2.459530755591420922e+06
2.459531721084147226e+06
2.459533740605586208e+06
2.459535752782227006e+06
2.459538716520114802e+06
2.459539690060310997e+06
2.459541685800130013e+06
2.459548693257636856e+06
2.459559659540554043e+06
2.459562642461826093e+06
2.459564639711434953e+06
2.459565625040295068e+06
2.459571633812609129e+06
2.459574627526551951e+06
2.459577608685667161e+06
2.459578598427128978e+06
2.459579587497822940e+06
2.459580584172490984e+06
2.459581581213214900e+06
2.459582576585213188e+06
2.459583745054693893e+06
2.459584571579887997e+06
2.459585690495273098e+06
2.459586680963105988e+06
2.459587564168693032e+06
2.459591594749629963e+06
2.459593553226768039e+06
2.459609619773766026e+06
2.459610577545349021e+06
2.459621525310659781e+06
2.459623519122203812e+06
2.459624466813129839e+06
2.459625466901616193e+06
2.459628465254838113e+06
2.459629464162173215e+06
2.459634565067866817e+06
2.459638448879304808e+06
2.459639635071738157e+06
2.459640461091131903e+06
2.459642480073918123e+06
2.459643415227496065e+06
2.459644435566078871e+06
2.459645645480704028e+06
2.459646412747376133e+06
2.459647437790956814e+06
2.459648562880435959e+06
2.459649429930489976e+06
2.459656379295954946e+06
2.459658380134323146e+06
2.459659618665012065e+06
2.459660418095014989e+06
2.459662576214996167e+06
2.459663382055003196e+06
2.459668360444270074e+06
2.459669360753905959e+06
2.459670368766115978e+06
2.459671361447778065e+06
2.459672643556816038e+06
2.459675363401107024e+06
2.459676363452435005e+06
2.459678364107858855e+06
2.459680368021043949e+06
2.459682408301826101e+06
2.459683366179824807e+06
2.459684366625086870e+06
2.459685370073503815e+06
2.459689580773458816e+06
2.459690372016740032e+06
2.459692373044913169e+06
2.459696374609746970e+06
2.459698375238542911e+06
2.459700376136193983e+06
2.459703380943544209e+06
2.459705382052800152e+06
2.459706382210325915e+06
2.459714384722575080e+06
2.459718386318233795e+06
2.459719386692943051e+06
2.459720387191506103e+06
2.459721387447741814e+06
2.459722387953612953e+06
2.459723388246280141e+06
2.459724388786769006e+06
2.459725389062745031e+06
2.459726389332648832e+06
2.459730530294276774e+06
2.459736392568498850e+06
2.459739389637027867e+06
2.459754391397171188e+06
2.459755391219807789e+06
2.459757391202119179e+06
2.459758390808226075e+06
2.459760390731466003e+06
2.459761390833749902e+06
2.459767391102212016e+06
2.459887741236831993e+06
2.459889733774037100e+06
2.459890759034847841e+06
2.459892738193491008e+06
2.459893738708477933e+06
2.459894742927595042e+06
2.459898712903806940e+06
2.459899718134349212e+06
2.459900729679317214e+06
2.459904726105139125e+06
2.459909714786520228e+06
2.459913722473660018e+06
2.459914668747441843e+06
2.459915670793389902e+06
2.459957570444781799e+06
2.459962550999016967e+06
2.459963678201639093e+06
2.459965580224055797e+06
2.459969691229844000e+06
2.459970717938186135e+06
2.459971531251342967e+06
2.459972730320548173e+06
2.459977545927382074e+06
2.459990486079244874e+06
2.459994471415292937e+06
2.459995491419071797e+06
