-50 -0.170101
-49 -0.172355
-48 -0.174342
-47 -0.176233
-46 -0.17832
-45 -0.180625
-44 -0.183114
-43 -0.185795
-42 -0.188576
-41 -0.191296
-40 -0.19391
-39 -0.196466
-38 -0.199008
-37 -0.201494
-36 -0.203873
-35 -0.205982
-34 -0.207606
-33 -0.208549
-32 -0.20851
-31 -0.207074
-30 -0.203895
-29 -0.19861
-28 -0.190799
-27 -0.180104
-26 -0.166379
-25 -0.149635
-24 -0.12997
-23 -0.107596
-22 -0.0826459
-21 -0.0551896
-20 -0.0252534
-19 0.00736612
-18 0.0429671
-17 0.0819317
-16 0.124522
-15 0.171075
-14 0.221847
-13 0.276754
-12 0.335446
-11 0.397609
-10 0.46263
-9 0.529779
-8 0.598138
-7 0.666337
-6 0.732889
-5 0.79598
-4 0.853242
-3 0.902347
-2 0.941123
-1 0.967485
0 0.97921
1 0.975645
2 0.958115
3 0.927338
4 0.885196
5 0.833712
6 0.77502
7 0.711242
8 0.644449
9 0.576384
10 0.508688
11 0.442765
12 0.379525
13 0.319808
14 0.26424
15 0.212997
16 0.166136
17 0.12367
18 0.0853569
19 0.0508515
20 0.0196428
21 -0.00866885
22 -0.0344379
23 -0.058061
24 -0.079728
25 -0.0994965
26 -0.117262
27 -0.132924
28 -0.14644
29 -0.157807
30 -0.167123
31 -0.174617
32 -0.180591
33 -0.185277
34 -0.188891
35 -0.191582
36 -0.193389
37 -0.194253
38 -0.194255
39 -0.193501
40 -0.192028
41 -0.19004
42 -0.187826
43 -0.18569
44 -0.183788
45 -0.182249
46 -0.181065
47 -0.180149
48 -0.179352
49 -0.178605
