3.79596 -0.0469646
3.79596 -0.0511809
3.79596 -0.060038
3.79596 -0.0602124
3.79596 -0.0535023
3.79597 -0.0492442
3.79597 -0.0456839
3.79597 -0.0436949
3.79597 -0.0436808
3.79597 -0.0470697
3.79597 -0.0540925
3.79597 -0.0530291
3.79598 -0.0486864
3.79598 -0.0496313
3.79598 -0.0506794
3.79598 -0.0506578
3.79598 -0.046206
3.79598 -0.0384737
3.79598 -0.0368272
3.79598 -0.03586
3.79599 -0.0354044
3.79599 -0.0348188
3.79599 -0.033059
3.79599 -0.0333833
3.79599 -0.032754
3.79599 -0.0299329
3.79599 -0.0280895
3.796 -0.0315214
3.796 -0.0365401
3.796 -0.0371943
3.796 -0.0385111
3.796 -0.0381453
3.796 -0.0345253
3.796 -0.0355237
3.79601 -0.0401922
3.79601 -0.0422661
3.79601 -0.0420881
3.79601 -0.041189
3.79601 -0.0397342
3.79601 -0.0370683
3.79601 -0.0363851
3.79602 -0.0354752
3.79602 -0.033524
3.79602 -0.0346294
3.79602 -0.0370438
3.79602 -0.0412693
3.79602 -0.0433939
3.79602 -0.0449994
3.79603 -0.047232
3.79603 -0.0508087
3.79603 -0.0574228
3.79603 -0.0626075
3.79603 -0.0678524
3.79603 -0.0693114
3.79603 -0.0731815
3.79603 -0.0803578
3.79604 -0.0882599
3.79604 -0.0990337
3.79604 -0.106088
3.79604 -0.113213
3.79604 -0.120006
3.79604 -0.125116
3.79604 -0.129649
3.79605 -0.132258
3.79605 -0.128833
3.79605 -0.12896
3.79605 -0.135463
3.79605 -0.143837
3.79605 -0.147095
3.79605 -0.14872
3.79606 -0.151261
3.79606 -0.154165
3.79606 -0.156746
3.79606 -0.157196
3.79606 -0.158821
3.79606 -0.164592
3.79606 -0.169708
3.79607 -0.173635
3.79607 -0.175643
3.79607 -0.176536
3.79607 -0.175028
3.79607 -0.171215
3.79607 -0.17003
3.79607 -0.16274
3.79607 -0.163196
3.79608 -0.160585
3.79608 -0.158056
3.79608 -0.15464
3.79608 -0.147716
3.79608 -0.162209
3.79608 -0.173561
3.79608 -0.16883
3.79609 -0.169812
3.79609 -0.171692
3.79609 -0.174591
3.79609 -0.17526
3.79609 -0.177835
3.79609 -0.182802
3.79609 -0.17404
3.7961 -0.165703
3.7961 -0.166923
3.7961 -0.161909
3.7961 -0.158171
3.7961 -0.145886
3.7961 -0.140606
3.7961 -0.135979
3.79611 -0.128027
3.79611 -0.121463
3.79611 -0.110682
3.79611 -0.108654
3.79611 -0.112085
3.79611 -0.111128
3.79611 -0.107587
3.79612 -0.101729
3.79612 -0.0972839
3.79612 -0.0935521
3.79612 -0.0972618
3.79612 -0.0984605
3.79612 -0.100753
3.79612 -0.103426
3.79612 -0.102928
3.79613 -0.0951949
3.79613 -0.0849224
3.79613 -0.0918113
3.79613 -0.0956799
3.79613 -0.0925533
3.79613 -0.0943524
3.79613 -0.0942385
3.79614 -0.108483
3.79614 -0.107398
3.79614 -0.104789
3.79614 -0.122189
3.79614 -0.114949
3.79614 -0.132237
3.79614 -0.135863
3.79615 -0.132818
3.79615 -0.136104
3.79615 -0.143512
3.79615 -0.149573
3.79615 -0.153916
3.79615 -0.149241
3.79615 -0.160909
3.79616 -0.167902
3.79616 -0.167557
3.79616 -0.164497
3.79616 -0.161803
3.79616 -0.162926
3.79616 -0.163267
3.79616 -0.165177
3.79617 -0.16501
3.79617 -0.162602
3.79617 -0.16058
3.79617 -0.159114
3.79617 -0.15767
3.79617 -0.157064
3.79617 -0.157096
3.79617 -0.157183
3.79618 -0.158254
3.79618 -0.160742
3.79618 -0.164494
3.79618 -0.166477
3.79618 -0.168552
3.79618 -0.170281
3.79618 -0.173675
3.79619 -0.171677
3.79619 -0.168858
3.79619 -0.1646
3.79619 -0.159773
3.79619 -0.154508
3.79619 -0.148884
3.79619 -0.143146
3.7962 -0.138061
3.7962 -0.132576
3.7962 -0.131482
3.7962 -0.13122
3.7962 -0.126859
3.7962 -0.125142
3.7962 -0.12635
3.79621 -0.132104
3.79621 -0.133093
3.79621 -0.128458
3.79621 -0.124122
3.79621 -0.117254
3.79621 -0.108927
3.79621 -0.106876
3.79621 -0.102233
3.79622 -0.0971414
3.79622 -0.0942165
3.79622 -0.0890354
3.79622 -0.0866513
3.79622 -0.081396
3.79622 -0.0773933
3.79622 -0.0758579
3.79623 -0.0670997
3.79623 -0.0647755
3.79623 -0.0626139
3.79623 -0.0592353
3.79623 -0.059543
3.79623 -0.0565729
3.79623 -0.0519828
3.79624 -0.0587182
3.79624 -0.0552711
3.79624 -0.0548694
3.79624 -0.0540877
3.79624 -0.0536522
3.79624 -0.0572125
3.79624 -0.0453693
3.79625 -0.0600111
3.79625 -0.0686507
3.79625 -0.0677802
3.79625 -0.0653104
3.79625 -0.0654773
3.79625 -0.0682844
3.79625 -0.0738502
3.79626 -0.067978
3.79626 -0.0774177
3.79626 -0.072233
3.79626 -0.0708223
3.79626 -0.0700444
3.79626 -0.0730443
3.79626 -0.0750182
3.79626 -0.0661509
3.79627 -0.0670232
3.79627 -0.0815631
3.79627 -0.087864
3.79627 -0.090939
3.79627 -0.0838739
3.79627 -0.0881848
3.79627 -0.0869259
3.79628 -0.0850607
3.79628 -0.0854644
3.79628 -0.0819949
3.79628 -0.0823336
3.79628 -0.0793192
3.79628 -0.0792808
3.79628 -0.0797683
3.79629 -0.0813705
3.79629 -0.0861628
3.79629 -0.0903711
3.79629 -0.0932828
3.79629 -0.0955136
3.79629 -0.0977775
3.79629 -0.100471
3.7963 -0.102609
3.7963 -0.106149
3.7963 -0.111088
3.7963 -0.115711
3.7963 -0.119749
3.7963 -0.122593
3.7963 -0.125227
3.7963 -0.131218
3.79631 -0.137909
3.79631 -0.140541
3.79631 -0.141889
3.79631 -0.14323
3.79631 -0.143014
3.79631 -0.141524
3.79631 -0.137248
3.79632 -0.136477
3.79632 -0.133152
3.79632 -0.129779
3.79632 -0.130157
3.79632 -0.130234
3.79632 -0.127616
3.79632 -0.12821
3.79633 -0.129571
3.79633 -0.1358
3.79633 -0.142059
3.79633 -0.14775
3.79633 -0.153137
3.79633 -0.153507
3.79633 -0.153877
3.79634 -0.152963
3.79634 -0.147591
3.79634 -0.142992
3.79634 -0.141627
3.79634 -0.140585
3.79634 -0.137644
3.79634 -0.134104
3.79635 -0.132817
3.79635 -0.135354
3.79635 -0.137844
3.79635 -0.140358
3.79635 -0.142234
3.79635 -0.142925
3.79635 -0.142646
3.79635 -0.141766
3.79636 -0.14151
3.79636 -0.142512
3.79636 -0.143014
3.79636 -0.141723
3.79636 -0.141361
3.79636 -0.138271
3.79636 -0.138225
3.79637 -0.136627
3.79637 -0.133355
3.79637 -0.130264
3.79637 -0.128811
3.79637 -0.130872
3.79637 -0.135772
3.79637 -0.121521
3.79638 -0.12371
3.79638 -0.113421
3.79638 -0.103482
3.79638 -0.102485
3.79638 -0.105393
3.79638 -0.100175
3.79638 -0.0965487
3.79639 -0.0881634
3.79639 -0.0912219
3.79639 -0.0876471
3.79639 -0.0910415
3.79639 -0.097701
3.79639 -0.0936779
3.79639 -0.0858102
3.79639 -0.0784489
3.7964 -0.0909382
3.7964 -0.101514
3.7964 -0.0924464
3.7964 -0.100507
3.7964 -0.0899236
3.7964 -0.093912
3.7964 -0.0893864
3.79641 -0.0939349
3.79641 -0.105941
3.79641 -0.0936974
3.79641 -0.0887963
3.79641 -0.0951725
3.79641 -0.0942917
3.79641 -0.0942777
3.79642 -0.0940582
3.79642 -0.0960883
3.79642 -0.102897
3.79642 -0.103547
3.79642 -0.10782
3.79642 -0.108188
3.79642 -0.107117
3.79643 -0.108278
3.79643 -0.108269
3.79643 -0.1074
3.79643 -0.105337
3.79643 -0.103667
3.79643 -0.101976
3.79643 -0.101632
3.79644 -0.102078
3.79644 -0.101557
3.79644 -0.106873
3.79644 -0.106814
3.79644 -0.108155
3.79644 -0.115057
3.79644 -0.107234
3.79644 -0.107868
3.79645 -0.109316
3.79645 -0.111113
3.79645 -0.113007
3.79645 -0.114814
3.79645 -0.116495
3.79645 -0.119483
3.79645 -0.118539
3.79646 -0.125083
3.79646 -0.130624
3.79646 -0.129622
3.79646 -0.126734
3.79646 -0.124087
3.79646 -0.12297
3.79646 -0.122761
3.79647 -0.121586
3.79647 -0.121374
3.79647 -0.122774
3.79647 -0.124184
3.79647 -0.123438
3.79647 -0.124163
3.79647 -0.126792
3.79648 -0.130738
3.79648 -0.132843
3.79648 -0.133673
3.79648 -0.130621
3.79648 -0.13254
3.79648 -0.134703
3.79648 -0.135027
3.79649 -0.135227
3.79649 -0.134254
3.79649 -0.135466
3.79649 -0.139137
3.79649 -0.140582
3.79649 -0.141897
3.79649 -0.141967
3.79649 -0.142232
3.7965 -0.142028
3.7965 -0.14341
3.7965 -0.142171
3.7965 -0.141051
3.7965 -0.139117
3.7965 -0.13687
3.7965 -0.133161
3.79651 -0.134999
3.79651 -0.132113
3.79651 -0.13829
3.79651 -0.138676
3.79651 -0.141804
3.79651 -0.151393
3.79651 -0.150973
3.79652 -0.152452
3.79652 -0.148457
3.79652 -0.158003
3.79652 -0.168528
3.79652 -0.15967
3.79652 -0.164154
3.79652 -0.165471
3.79653 -0.166364
3.79653 -0.161271
3.79653 -0.158566
3.79653 -0.161052
3.79653 -0.152803
3.79653 -0.13975
3.79653 -0.150721
3.79653 -0.148409
3.79654 -0.146905
3.79654 -0.144366
3.79654 -0.144328
3.79654 -0.150341
3.79654 -0.148778
3.79654 -0.149563
3.79654 -0.144502
3.79655 -0.144387
3.79655 -0.140933
3.79655 -0.137392
3.79655 -0.142835
3.79655 -0.142146
3.79655 -0.135683
3.79655 -0.128051
3.79656 -0.129442
3.79656 -0.132877
3.79656 -0.12474
3.79656 -0.123983
3.79656 -0.122819
3.79656 -0.127039
3.79656 -0.125548
3.79657 -0.117754
3.79657 -0.128301
3.79657 -0.118086
3.79657 -0.120298
3.79657 -0.11891
3.79657 -0.119998
3.79657 -0.116754
3.79658 -0.110696
3.79658 -0.106115
3.79658 -0.112747
3.79658 -0.112663
3.79658 -0.102638
3.79658 -0.0901358
3.79658 -0.0823008
3.79658 -0.0765556
3.79659 -0.0714565
3.79659 -0.0675729
3.79659 -0.0678184
3.79659 -0.0729185
3.79659 -0.0757952
3.79659 -0.0704223
3.79659 -0.0612366
3.7966 -0.0604971
3.7966 -0.057357
3.7966 -0.0548413
3.7966 -0.0528069
3.7966 -0.049891
3.7966 -0.0484948
3.7966 -0.0467699
3.79661 -0.0483909
3.79661 -0.0504479
3.79661 -0.0498867
3.79661 -0.0474919
3.79661 -0.0413758
3.79661 -0.0343463
3.79661 -0.0279411
3.79662 -0.0248347
3.79662 -0.0201965
3.79662 -0.0246116
3.79662 -0.0296561
3.79662 -0.0282803
3.79662 -0.0321596
3.79662 -0.036387
3.79662 -0.0446034
3.79663 -0.0521719
3.79663 -0.0548547
3.79663 -0.0673628
3.79663 -0.0670278
3.79663 -0.0683692
3.79663 -0.0717393
3.79663 -0.0750636
3.79664 -0.0724408
3.79664 -0.0673706
3.79664 -0.0632374
3.79664 -0.0656898
3.79664 -0.0672676
3.79664 -0.067107
3.79664 -0.0649409
3.79665 -0.06099
3.79665 -0.0594235
3.79665 -0.0610091
3.79665 -0.0665422
3.79665 -0.0703172
3.79665 -0.0720017
3.79665 -0.0735293
3.79666 -0.0713276
3.79666 -0.07051
3.79666 -0.0757971
3.79666 -0.0813081
3.79666 -0.0854595
3.79666 -0.0877365
3.79666 -0.0872265
3.79667 -0.0865821
3.79667 -0.0861134
3.79667 -0.0880205
3.79667 -0.0895666
3.79667 -0.0891567
3.79667 -0.088231
3.79667 -0.0863095
3.79667 -0.0851676
3.79668 -0.0855661
3.79668 -0.0865233
3.79668 -0.0867824
3.79668 -0.0850709
3.79668 -0.0838091
3.79668 -0.0832247
3.79668 -0.0811208
3.79669 -0.0791794
3.79669 -0.0777335
3.79669 -0.0756061
3.79669 -0.0732445
3.79669 -0.0731022
3.79669 -0.0750159
3.79669 -0.0776651
3.7967 -0.0804933
3.7967 -0.0835324
3.7967 -0.0850058
3.7967 -0.0817965
3.7967 -0.0803483
3.7967 -0.0792827
3.7967 -0.0782062
3.79671 -0.0746968
3.79671 -0.0710004
3.79671 -0.0682839
3.79671 -0.0658933
3.79671 -0.06451
3.79671 -0.0641537
3.79671 -0.0637002
3.79671 -0.0626624
3.79672 -0.0562581
3.79672 -0.0599537
3.79672 -0.0570674
3.79672 -0.0613928
3.79672 -0.0606849
3.79672 -0.0584437
3.79672 -0.0688612
3.79673 -0.0741456
3.79673 -0.0716956
3.79673 -0.0765908
3.79673 -0.0765717
3.79673 -0.0811727
3.79673 -0.0788366
3.79673 -0.0769135
3.79674 -0.0858559
3.79674 -0.0832634
3.79674 -0.0859426
3.79674 -0.0934743
3.79674 -0.0998155
3.79674 -0.0974263
3.79674 -0.0883798
3.79675 -0.0895661
3.79675 -0.0876431
3.79675 -0.0847222
3.79675 -0.0804417
3.79675 -0.072681
3.79675 -0.0717875
3.79675 -0.0692506
3.79676 -0.0715332
3.79676 -0.0716642
3.79676 -0.0711888
3.79676 -0.0700205
3.79676 -0.0680651
3.79676 -0.0646073
3.79676 -0.0603317
3.79676 -0.0576974
3.79677 -0.0550527
3.79677 -0.0530385
3.79677 -0.0504669
3.79677 -0.046851
3.79677 -0.0452423
3.79677 -0.0446109
3.79677 -0.0444945
3.79678 -0.0437876
3.79678 -0.0429212
3.79678 -0.0437385
3.79678 -0.0463016
3.79678 -0.0461425
3.79678 -0.0461942
3.79678 -0.045419
3.79679 -0.0460911
3.79679 -0.0468738
3.79679 -0.0457619
3.79679 -0.0395297
3.79679 -0.0334422
3.79679 -0.028884
3.79679 -0.0249922
3.7968 -0.0206304
3.7968 -0.0174995
3.7968 -0.0177158
3.7968 -0.0174417
3.7968 -0.0174703
3.7968 -0.0230004
3.7968 -0.0270096
3.79681 -0.0258933
3.79681 -0.0287298
3.79681 -0.0284054
3.79681 -0.028162
3.79681 -0.0250446
3.79681 -0.0216559
3.79681 -0.0209154
3.79681 -0.0224167
3.79682 -0.0254436
3.79682 -0.0315383
3.79682 -0.0372217
3.79682 -0.038869
3.79682 -0.0393347
3.79682 -0.0403671
3.79682 -0.0399753
3.79683 -0.0387615
3.79683 -0.031539
3.79683 -0.025537
3.79683 -0.0264668
3.79683 -0.0268378
3.79683 -0.0262097
3.79683 -0.0255574
3.79684 -0.030482
3.79684 -0.0382935
3.79684 -0.0408628
3.79684 -0.0395467
3.79684 -0.0394013
3.79684 -0.0414898
3.79684 -0.0412026
3.79685 -0.04053
3.79685 -0.038634
3.79685 -0.0367987
3.79685 -0.0351319
3.79685 -0.0341708
3.79685 -0.0326064
3.79685 -0.0313629
3.79685 -0.0314198
3.79686 -0.0310252
3.79686 -0.0312681
3.79686 -0.0320522
3.79686 -0.0335177
3.79686 -0.0332993
3.79686 -0.0335288
3.79686 -0.0322905
3.79687 -0.031021
3.79687 -0.028285
3.79687 -0.0288064
3.79687 -0.0338533
3.79687 -0.0365318
3.79687 -0.0392395
3.79687 -0.0407727
3.79688 -0.040305
3.79688 -0.0391959
3.79688 -0.0395892
3.79688 -0.0351602
3.79688 -0.0312323
3.79688 -0.0303764
3.79688 -0.0298564
3.79689 -0.0283169
3.79689 -0.0278684
3.79689 -0.0253166
3.79689 -0.0197624
3.79689 -0.0195367
3.79689 -0.0196208
3.79689 -0.0208413
3.7969 -0.0256446
3.7969 -0.0331635
3.7969 -0.0441115
3.7969 -0.0515331
3.7969 -0.0539351
3.7969 -0.0523978
3.7969 -0.0552792
3.7969 -0.0600574
3.79691 -0.0664819
3.79691 -0.0739955
3.79691 -0.0806485
3.79691 -0.0842125
3.79691 -0.0886917
3.79691 -0.0941677
3.79691 -0.0970714
3.79692 -0.0997197
3.79692 -0.101895
3.79692 -0.104085
3.79692 -0.107565
3.79692 -0.109326
3.79692 -0.109984
3.79692 -0.110224
3.79693 -0.112179
3.79693 -0.114152
3.79693 -0.116888
3.79693 -0.120545
3.79693 -0.126384
3.79693 -0.133401
3.79693 -0.141824
3.79694 -0.145189
3.79694 -0.148923
3.79694 -0.149208
3.79694 -0.147691
3.79694 -0.145618
3.79694 -0.142292
3.79694 -0.141812
3.79694 -0.142629
3.79695 -0.142831
3.79695 -0.141064
3.79695 -0.138853
3.79695 -0.138805
3.79695 -0.139314
3.79695 -0.139619
3.79695 -0.141371
3.79696 -0.141408
3.79696 -0.139776
3.79696 -0.142686
3.79696 -0.146668
3.79696 -0.152207
3.79696 -0.152392
3.79696 -0.152438
3.79697 -0.150958
3.79697 -0.147739
3.79697 -0.144167
3.79697 -0.139579
3.79697 -0.133002
3.79697 -0.128415
3.79697 -0.12405
3.79698 -0.121079
3.79698 -0.117675
3.79698 -0.11526
3.79698 -0.115863
3.79698 -0.113922
3.79698 -0.109609
3.79698 -0.105505
3.79699 -0.103269
3.79699 -0.101173
3.79699 -0.094648
3.79699 -0.0895833
3.79699 -0.090439
3.79699 -0.0903005
3.79699 -0.0889799
3.79699 -0.0870741
3.797 -0.084046
3.797 -0.0796016
3.797 -0.073254
3.797 -0.0842484
3.797 -0.089876
3.797 -0.0804896
3.797 -0.0703182
3.79701 -0.06703
3.79701 -0.0775917
3.79701 -0.0707061
3.79701 -0.06843
3.79701 -0.0800938
3.79701 -0.0735435
3.79701 -0.0865738
3.79702 -0.0816825
3.79702 -0.0899297
3.79702 -0.0896549
3.79702 -0.0841743
3.79702 -0.0803394
3.79702 -0.0780109
3.79702 -0.0786816
3.79703 -0.0799189
3.79703 -0.0758
3.79703 -0.0703799
3.79703 -0.0636473
3.79703 -0.0662586
3.79703 -0.064222
3.79703 -0.0649475
3.79704 -0.0636676
3.79704 -0.0629971
3.79704 -0.0615786
3.79704 -0.0584311
3.79704 -0.0559471
3.79704 -0.0565474
3.79704 -0.0499761
3.79704 -0.0494564
3.79705 -0.0473694
3.79705 -0.0448074
3.79705 -0.044978
3.79705 -0.0450085
3.79705 -0.0453068
3.79705 -0.0451103
3.79705 -0.0442102
3.79706 -0.0432889
3.79706 -0.0411737
3.79706 -0.0391492
3.79706 -0.0372986
3.79706 -0.0368437
3.79706 -0.0353887
3.79706 -0.0331989
3.79707 -0.0279409
3.79707 -0.0243108
3.79707 -0.0258762
3.79707 -0.0289352
3.79707 -0.0289202
3.79707 -0.0299589
3.79707 -0.0301665
3.79708 -0.0298192
3.79708 -0.030556
3.79708 -0.0317032
3.79708 -0.031516
3.79708 -0.0291289
3.79708 -0.0247592
3.79708 -0.0221465
3.79708 -0.0179862
3.79709 -0.0175151
3.79709 -0.0198222
3.79709 -0.0202623
3.79709 -0.0224362
3.79709 -0.02769
3.79709 -0.0274153
3.79709 -0.0323219
3.7971 -0.0255044
3.7971 -0.0250453
3.7971 -0.0241352
3.7971 -0.0276868
3.7971 -0.0286133
3.7971 -0.027459
3.7971 -0.0266897
3.79711 -0.0289114
3.79711 -0.0287808
3.79711 -0.0306185
3.79711 -0.0317355
3.79711 -0.0391638
3.79711 -0.0457721
3.79711 -0.051076
3.79712 -0.054956
3.79712 -0.0575599
3.79712 -0.0568233
3.79712 -0.0553336
3.79712 -0.0537944
3.79712 -0.0519123
3.79712 -0.0519218
3.79713 -0.0538693
3.79713 -0.0494718
3.79713 -0.0471893
3.79713 -0.0462013
3.79713 -0.0458494
3.79713 -0.0476455
3.79713 -0.0492495
3.79713 -0.0502939
3.79714 -0.051093
3.79714 -0.0517415
3.79714 -0.0531217
3.79714 -0.0541467
3.79714 -0.0563069
3.79714 -0.062168
3.79714 -0.067054
3.79715 -0.0665567
3.79715 -0.0649436
3.79715 -0.060583
3.79715 -0.0594489
3.79715 -0.0569522
3.79715 -0.0551046
3.79715 -0.0563476
3.79716 -0.0562848
3.79716 -0.0534782
3.79716 -0.0488441
3.79716 -0.0437531
3.79716 -0.0397678
3.79716 -0.0370786
3.79716 -0.0398805
3.79717 -0.0432605
3.79717 -0.0432404
3.79717 -0.0426382
3.79717 -0.0450723
3.79717 -0.051631
3.79717 -0.0571566
3.79717 -0.0601206
3.79717 -0.0617934
3.79718 -0.0598698
3.79718 -0.0562824
3.79718 -0.0536926
3.79718 -0.0510246
3.79718 -0.0501635
3.79718 -0.0468585
3.79718 -0.0470775
3.79719 -0.0496205
3.79719 -0.0495799
3.79719 -0.0476717
3.79719 -0.0465913
3.79719 -0.0438017
3.79719 -0.0432364
3.79719 -0.0409427
3.7972 -0.0388808
3.7972 -0.0354292
3.7972 -0.0337585
3.7972 -0.0365639
3.7972 -0.0436277
3.7972 -0.0494135
3.7972 -0.0474495
3.79721 -0.0418086
3.79721 -0.0453407
3.79721 -0.0477311
3.79721 -0.0452821
3.79721 -0.0421096
3.79721 -0.0400227
3.79721 -0.0393205
3.79722 -0.038894
3.79722 -0.0386114
3.79722 -0.0383218
3.79722 -0.038223
3.79722 -0.0377324
3.79722 -0.0342074
3.79722 -0.0304316
3.79722 -0.0266872
3.79723 -0.023923
3.79723 -0.023139
3.79723 -0.0251427
3.79723 -0.0277481
3.79723 -0.0344814
3.79723 -0.0401719
3.79723 -0.0481336
