0 0 0 0 0 0
1 -0.0346590858      -0.024473943    -0.0169230633   -0.0087516835   0.0019016962
2 -0.0637882419      -0.0424527342   -0.0261099747   -0.0072852152   0.0214675443
3 -0.0873874684      -0.0539363734   -0.0275607342   0.0043994051    0.0586975443
4 -0.1054567651      -0.0589248608   -0.0212753418   0.0263021772    0.1135916962
5 -0.1179961322      -0.0574181962   -0.0072537975   0.0584231013    0.18615
6 -0.1250055696      -0.0494163797   0.0145038987    0.1007621772
7 -0.1264850774      -0.0349194114   0.0439977468    0.1533194051
8 -0.1224346554      -0.0139272911   0.0812277468    0.2160947848
9 -0.1128543038      0.013559981     0.1261938987    0.2890883165
10 -0.0977440225     0.0475424051    0.1788962025    0.3723
11 -0.0771038115     0.088019981     0.2393346582
12 -0.0509336709     0.1349927089    0.3075092658
13 -0.0192336006     0.1884605886    0.3834200253
14 0.0179963994      0.2484236203    0.4670669367
15 0.0607563291      0.3148818038    0.55845
16 0.1090461885      0.3878351392
17 0.1628659775      0.4672836266
18 0.2222156962      0.5532272658
19 0.2870953446      0.645666057
20 0.3575049226      0.7446
21 0.4334444304
22 0.5149138678
23 0.6019132349
24 0.6944425316
25 0.7925017581
26 0.8960909142
27 1.00521
