3965.92 0.393758
3966.03 0.394212
3966.15 0.394707
3966.27 0.395203
3966.39 0.395698
3966.51 0.396193
3966.63 0.396688
3966.75 0.397184
3966.87 0.397679
3966.99 0.398174
3967.11 0.39867
3967.23 0.399165
3967.35 0.39966
3967.47 0.400156
3967.59 0.400651
3967.71 0.401146
3967.83 0.401641
3967.95 0.402136
3968.07 0.402631
3968.19 0.403125
3968.31 0.40362
3968.43 0.404114
3968.55 0.404608
3968.67 0.405102
3968.79 0.405595
3968.91 0.406088
3969.03 0.406581
3969.15 0.407073
3969.27 0.407565
3969.39 0.408057
3969.51 0.408548
3969.63 0.409039
3969.75 0.409529
3969.86 0.409978
3969.98 0.410467
3970.1 0.410956
3970.22 0.411444
3970.34 0.411931
3970.46 0.412418
3970.58 0.412904
3970.7 0.413389
3970.82 0.413874
3970.94 0.414358
3971.06 0.414841
3971.18 0.415324
3971.3 0.415806
3971.42 0.416286
3971.54 0.416766
3971.66 0.417246
3971.78 0.417724
3971.9 0.418201
3972.02 0.418678
3972.14 0.419153
3972.26 0.419627
3972.38 0.420101
3972.5 0.420573
3972.62 0.421044
3972.74 0.421514
3972.86 0.421983
3972.98 0.422451
3973.1 0.422918
3973.22 0.423384
3973.34 0.423848
3973.46 0.424311
3973.58 0.424773
3973.7 0.425233
3973.82 0.425692
3973.94 0.42615
3974.06 0.426607
3974.18 0.427062
3974.3 0.427516
3974.42 0.427968
3974.54 0.428419
3974.66 0.428868
3974.78 0.429316
3974.9 0.429762
3975.02 0.430207
3975.14 0.43065
3975.26 0.431091
3975.38 0.431531
3975.5 0.431969
3975.62 0.432406
3975.74 0.432841
3975.86 0.433274
3975.98 0.433705
3976.1 0.434135
3976.22 0.434562
3976.34 0.434988
3976.46 0.435412
3976.58 0.435835
3976.7 0.436255
3976.82 0.436673
3976.94 0.43709
3977.06 0.437504
3977.18 0.437917
3977.3 0.438327
3977.42 0.438736
3977.54 0.439142
3977.66 0.439546
3977.78 0.439948
3977.9 0.440348
3978.02 0.440746
3978.14 0.441141
3978.26 0.441535
3978.38 0.441926
3978.5 0.442315
3978.62 0.442701
3978.74 0.443086
3978.86 0.443468
3978.98 0.443847
3979.1 0.444224
3979.22 0.444599
3979.34 0.444971
3979.46 0.445341
3979.58 0.445709
3979.7 0.446073
3979.82 0.446436
3979.94 0.446796
3980.06 0.447153
3980.18 0.447507
3980.3 0.44786
3980.42 0.448209
3980.54 0.448556
3980.66 0.448901
3980.78 0.449243
3980.9 0.449583
3981.02 0.44992
3981.14 0.450255
3981.26 0.450587
3981.38 0.450917
3981.5 0.451245
3981.62 0.45157
3981.74 0.451892
3981.86 0.452213
3981.98 0.452531
3982.1 0.452847
3982.22 0.45316
3982.34 0.453471
3982.46 0.45378
3982.58 0.454086
3982.7 0.45439
3982.82 0.454692
3982.94 0.454992
3983.06 0.455289
3983.18 0.455584
3983.3 0.455877
3983.42 0.456168
3983.54 0.456457
3983.66 0.456743
3983.78 0.457027
3983.9 0.457309
3984.02 0.457589
3984.14 0.457867
3984.26 0.458143
3984.38 0.458416
3984.5 0.458688
3984.62 0.458957
3984.74 0.459225
3984.86 0.45949
3984.98 0.459753
3985.1 0.460015
3985.22 0.460274
3985.34 0.460531
3985.46 0.460786
3985.58 0.46104
3985.7 0.461291
3985.82 0.46154
3985.94 0.461788
3986.06 0.462033
3986.18 0.462277
3986.3 0.462518
3986.42 0.462758
3986.54 0.462996
3986.66 0.463232
3986.78 0.463466
3986.91 0.463718
3987.03 0.463948
3987.15 0.464177
3987.27 0.464404
3987.39 0.464629
3987.51 0.464852
3987.63 0.465073
3987.75 0.465293
3987.87 0.465511
3987.99 0.465727
3988.11 0.465942
3988.23 0.466155
3988.35 0.466366
3988.47 0.466575
3988.59 0.466783
3988.71 0.46699
3988.83 0.467194
3988.95 0.467397
3989.07 0.467598
3989.19 0.467798
3989.31 0.467996
3989.43 0.468193
3989.55 0.468388
3989.67 0.468581
3989.79 0.468773
3989.91 0.468964
3990.03 0.469153
3990.15 0.46934
3990.27 0.469526
3990.39 0.46971
3990.51 0.469893
3990.64 0.47009
3990.76 0.47027
3990.88 0.470449
3991 0.470626
3991.12 0.470801
3991.24 0.470976
3991.36 0.471149
3991.48 0.471321
3991.6 0.471491
3991.72 0.47166
3991.84 0.471828
3991.96 0.471994
3992.08 0.472159
3992.2 0.472323
3992.32 0.472485
3992.44 0.472647
3992.56 0.472807
3992.68 0.472966
3992.8 0.473123
3992.92 0.47328
3993.04 0.473435
3993.16 0.473589
3993.28 0.473742
3993.4 0.473893
3993.53 0.474057
3993.65 0.474206
3993.77 0.474354
3993.89 0.474501
3994.01 0.474647
3994.13 0.474792
3994.25 0.474936
3994.37 0.475079
3994.49 0.475221
3994.61 0.475362
3994.73 0.475501
3994.85 0.47564
3994.97 0.475778
3995.09 0.475915
3995.21 0.47605
3995.33 0.476185
3995.45 0.476319
3995.57 0.476452
3995.69 0.476584
3995.81 0.476716
3995.93 0.476846
3996.06 0.476986
3996.18 0.477115
3996.3 0.477242
3996.42 0.477369
3996.54 0.477495
3996.66 0.47762
3996.78 0.477745
3996.9 0.477868
3997.02 0.477991
3997.14 0.478113
3997.26 0.478235
3997.38 0.478355
3997.5 0.478475
3997.62 0.478594
3997.74 0.478713
3997.86 0.47883
3997.98 0.478947
3998.11 0.479074
3998.23 0.479189
3998.35 0.479304
3998.47 0.479419
3998.59 0.479533
3998.71 0.479646
3998.83 0.479759
3998.95 0.479871
3999.07 0.479982
3999.19 0.480094
3999.31 0.480204
3999.43 0.480314
3999.55 0.480423
3999.67 0.480532
3999.79 0.480641
3999.91 0.480749
4000.04 0.480865
4000.16 0.480972
4000.28 0.481079
4000.4 0.481185
4000.52 0.481291
4000.64 0.481397
4000.76 0.481502
4000.88 0.481606
4001 0.481711
4001.12 0.481815
4001.24 0.481918
4001.36 0.482022
4001.48 0.482125
4001.6 0.482227
4001.72 0.48233
4001.85 0.482441
4001.97 0.482543
4002.09 0.482644
4002.21 0.482746
4002.33 0.482847
4002.45 0.482948
4002.57 0.483049
4002.69 0.48315
4002.81 0.48325
4002.93 0.48335
4003.05 0.483451
4003.17 0.483551
4003.29 0.483651
4003.42 0.483759
4003.54 0.483859
4003.66 0.483958
4003.78 0.484058
4003.9 0.484158
4004.02 0.484257
4004.14 0.484357
4004.26 0.484456
4004.38 0.484555
4004.5 0.484655
4004.62 0.484754
4004.74 0.484853
4004.86 0.484952
4004.99 0.485059
4005.11 0.485158
4005.23 0.485257
4005.35 0.485356
4005.47 0.485454
4005.59 0.485553
4005.71 0.485651
4005.83 0.48575
4005.95 0.485848
4006.07 0.485946
4006.19 0.486044
4006.31 0.486142
4006.44 0.486248
4006.56 0.486346
4006.68 0.486443
4006.8 0.486541
4006.92 0.486638
4007.04 0.486735
4007.16 0.486832
4007.28 0.486929
4007.4 0.487026
4007.52 0.487122
4007.64 0.487219
4007.76 0.487315
4007.89 0.487419
4008.01 0.487515
4008.13 0.487611
4008.25 0.487707
4008.37 0.487802
4008.49 0.487898
4008.61 0.487993
4008.73 0.488088
4008.85 0.488183
4008.97 0.488277
4009.09 0.488372
4009.22 0.488474
4009.34 0.488568
4009.46 0.488661
4009.58 0.488755
4009.7 0.488849
4009.82 0.488942
4009.94 0.489035
4010.06 0.489128
4010.18 0.48922
4010.3 0.489313
4010.43 0.489412
4010.55 0.489504
4010.67 0.489596
4010.79 0.489687
4010.91 0.489779
4011.03 0.48987
4011.15 0.48996
4011.27 0.490051
4011.39 0.490141
4011.51 0.490231
4011.64 0.490328
4011.76 0.490418
4011.88 0.490507
4012 0.490596
4012.12 0.490685
4012.24 0.490773
4012.36 0.490861
4012.48 0.490949
4012.6 0.491037
4012.72 0.491124
4012.85 0.491218
4012.97 0.491305
4013.09 0.491391
4013.21 0.491478
4013.33 0.491563
4013.45 0.491649
4013.57 0.491734
4013.69 0.491819
4013.81 0.491904
4013.93 0.491988
4014.06 0.492079
4014.18 0.492163
4014.3 0.492246
4014.42 0.492329
4014.54 0.492412
4014.66 0.492494
4014.78 0.492576
4014.9 0.492658
4015.02 0.492739
4015.15 0.492827
4015.27 0.492907
4015.39 0.492988
4015.51 0.493068
4015.63 0.493147
4015.75 0.493226
4015.87 0.493305
4015.99 0.493384
4016.11 0.493462
4016.24 0.493546
4016.36 0.493623
4016.48 0.4937
4016.6 0.493777
4016.72 0.493853
4016.84 0.493929
4016.96 0.494004
4017.08 0.494079
4017.21 0.49416
4017.33 0.494234
4017.45 0.494308
4017.57 0.494381
4017.69 0.494454
4017.81 0.494526
4017.93 0.494598
4018.05 0.49467
4018.17 0.494741
4018.3 0.494818
4018.42 0.494888
4018.54 0.494958
4018.66 0.495028
4018.78 0.495097
4018.9 0.495166
4019.02 0.495234
4019.14 0.495301
4019.27 0.495374
4019.39 0.495441
4019.51 0.495507
4019.63 0.495573
4019.75 0.495639
4019.87 0.495704
4019.99 0.495768
4020.11 0.495832
4020.24 0.495901
4020.36 0.495964
4020.48 0.496026
4020.6 0.496088
4020.72 0.49615
4020.84 0.496211
4020.96 0.496271
4021.08 0.496331
4021.21 0.496396
4021.33 0.496455
4021.45 0.496513
4021.57 0.496571
4021.69 0.496629
4021.81 0.496686
4021.93 0.496742
4022.06 0.496803
4022.18 0.496858
4022.3 0.496913
4022.42 0.496967
4022.54 0.497021
4022.66 0.497074
4022.78 0.497126
4022.9 0.497179
4023.03 0.497234
4023.15 0.497285
4023.27 0.497336
4023.39 0.497385
4023.51 0.497435
4023.63 0.497483
4023.75 0.497531
4023.88 0.497583
4024 0.49763
4024.12 0.497676
4024.24 0.497722
4024.36 0.497767
4024.48 0.497812
4024.6 0.497856
4024.73 0.497903
4024.85 0.497945
4024.97 0.497988
4025.09 0.498029
4025.21 0.49807
4025.33 0.49811
4025.45 0.49815
4025.57 0.498189
4025.7 0.498231
4025.82 0.498269
4025.94 0.498306
4026.06 0.498342
4026.18 0.498378
4026.3 0.498413
4026.43 0.498451
4026.55 0.498485
4026.67 0.498518
4026.79 0.498551
4026.91 0.498583
4027.03 0.498614
4027.15 0.498645
4027.28 0.498677
4027.4 0.498707
4027.52 0.498735
4027.64 0.498763
4027.76 0.498791
4027.88 0.498817
4028 0.498843
4028.13 0.49887
4028.25 0.498895
4028.37 0.498919
4028.49 0.498942
4028.61 0.498964
4028.73 0.498986
4028.85 0.499007
4028.98 0.499029
4029.1 0.499048
4029.22 0.499067
4029.34 0.499085
4029.46 0.499103
4029.58 0.499119
4029.71 0.499137
4029.83 0.499152
4029.95 0.499166
4030.07 0.49918
4030.19 0.499193
4030.31 0.499205
4030.43 0.499217
4030.56 0.499228
4030.68 0.499238
4030.8 0.499247
4030.92 0.499256
4031.04 0.499263
4031.16 0.49927
4031.29 0.499277
4031.41 0.499282
4031.53 0.499287
4031.65 0.49929
4031.77 0.499293
4031.89 0.499296
4032.02 0.499297
4032.14 0.499298
4032.26 0.499297
4032.38 0.499296
4032.5 0.499294
4032.62 0.499292
4032.75 0.499288
4032.87 0.499284
4032.99 0.499278
4033.11 0.499273
4033.23 0.499266
4033.35 0.499258
4033.48 0.499249
4033.6 0.49924
4033.72 0.49923
4033.84 0.499219
4033.96 0.499207
4034.08 0.499195
4034.21 0.499181
4034.33 0.499167
4034.45 0.499153
4034.57 0.499138
4034.69 0.499122
4034.81 0.499106
4034.94 0.499089
4035.06 0.499072
4035.18 0.499054
4035.3 0.499036
4035.42 0.499018
4035.54 0.499
4035.67 0.498979
4035.79 0.49896
4035.91 0.498941
4036.03 0.498921
4036.15 0.498901
4036.27 0.498881
4036.4 0.49886
4036.52 0.498839
4036.64 0.498819
4036.76 0.498799
4036.88 0.498778
4037.01 0.498756
4037.13 0.498736
4037.25 0.498716
4037.37 0.498696
4037.49 0.498676
4037.61 0.498656
4037.74 0.498635
4037.86 0.498616
4037.98 0.498597
4038.1 0.498578
4038.22 0.49856
4038.34 0.498542
4038.47 0.498523
4038.59 0.498506
4038.71 0.498489
4038.83 0.498473
4038.95 0.498457
4039.08 0.49844
4039.2 0.498426
4039.32 0.498412
4039.44 0.498398
4039.56 0.498386
4039.69 0.498373
4039.81 0.498361
4039.93 0.498351
4040.05 0.498341
4040.17 0.498332
4040.29 0.498324
4040.42 0.498317
4040.54 0.49831
4040.66 0.498305
4040.78 0.498301
4040.9 0.498297
4041.03 0.498295
4041.15 0.498294
4041.27 0.498294
4041.39 0.498295
4041.51 0.498297
4041.64 0.498301
4041.76 0.498305
4041.88 0.498311
4042 0.498318
4042.12 0.498327
4042.24 0.498337
4042.37 0.498349
4042.49 0.498362
4042.61 0.498376
4042.73 0.498391
4042.85 0.498408
4042.98 0.498428
4043.1 0.498449
4043.22 0.49847
4043.34 0.498494
4043.46 0.498519
4043.59 0.498548
4043.71 0.498576
4043.83 0.498607
4043.95 0.498639
4044.07 0.498672
4044.2 0.498711
4044.32 0.498748
4044.44 0.498788
4044.56 0.498829
4044.68 0.498873
4044.81 0.498922
4044.93 0.498969
4045.05 0.499019
4045.17 0.49907
4045.29 0.499124
4045.42 0.499184
4045.54 0.499242
4045.66 0.499303
4045.78 0.499365
4045.9 0.49943
4046.03 0.499502
4046.15 0.499572
4046.27 0.499644
4046.39 0.499718
4046.51 0.499794
4046.64 0.49988
4046.76 0.499962
4046.88 0.500046
4047 0.500132
4047.12 0.500221
4047.25 0.500321
4047.37 0.500416
4047.49 0.500513
4047.61 0.500613
4047.74 0.500724
4047.86 0.500829
4047.98 0.500938
4048.1 0.501049
4048.22 0.501163
4048.35 0.501289
4048.47 0.501409
4048.59 0.501532
4048.71 0.501658
4048.83 0.501786
4048.96 0.501929
4049.08 0.502064
4049.2 0.502202
4049.32 0.502343
4049.45 0.5025
4049.57 0.502647
4049.69 0.502798
4049.81 0.502952
4049.93 0.50311
4050.06 0.503284
4050.18 0.503448
4050.3 0.503615
4050.42 0.503786
4050.54 0.503961
4050.67 0.504153
4050.79 0.504335
4050.91 0.50452
4051.03 0.504708
4051.16 0.504916
4051.28 0.505112
4051.4 0.505312
4051.52 0.505515
4051.64 0.505722
4051.77 0.50595
4051.89 0.506164
4052.01 0.506383
4052.13 0.506605
4052.26 0.50685
4052.38 0.50708
4052.5 0.507314
4052.62 0.507552
4052.74 0.507794
4052.87 0.50806
4052.99 0.508311
4053.11 0.508565
4053.23 0.508823
4053.36 0.509107
4053.48 0.509373
4053.6 0.509642
4053.72 0.509916
4053.84 0.510192
4053.97 0.510496
4054.09 0.51078
4054.21 0.511067
4054.33 0.511357
4054.46 0.511675
4054.58 0.511971
4054.7 0.512271
4054.82 0.512573
4054.95 0.512904
4055.07 0.513212
4055.19 0.513523
4055.31 0.513836
4055.43 0.514151
4055.56 0.514496
4055.68 0.514817
4055.8 0.515139
4055.92 0.515464
4056.05 0.515818
4056.17 0.516147
4056.29 0.516478
4056.41 0.516811
4056.54 0.517174
4056.66 0.51751
4056.78 0.517848
4056.9 0.518187
4057.03 0.518556
4057.15 0.518898
4057.27 0.519242
4057.39 0.519586
4057.51 0.519932
4057.64 0.520307
4057.76 0.520655
4057.88 0.521004
4058 0.521353
4058.13 0.521732
4058.25 0.522082
4058.37 0.522434
4058.49 0.522785
4058.62 0.523166
4058.74 0.523518
4058.86 0.523871
4058.98 0.524223
4059.11 0.524605
4059.23 0.524958
4059.35 0.52531
4059.47 0.525662
4059.6 0.526043
4059.72 0.526395
4059.84 0.526746
4059.96 0.527096
4060.09 0.527475
4060.21 0.527824
4060.33 0.528173
4060.45 0.52852
4060.58 0.528895
4060.7 0.529241
4060.82 0.529585
4060.94 0.529928
4061.07 0.530299
4061.19 0.530639
4061.31 0.530978
4061.43 0.531316
4061.56 0.531679
4061.68 0.532014
4061.8 0.532346
4061.92 0.532677
4062.05 0.533032
4062.17 0.533359
4062.29 0.533683
4062.41 0.534006
4062.54 0.534352
4062.66 0.53467
4062.78 0.534985
4062.9 0.535298
4063.03 0.535634
4063.15 0.535941
4063.27 0.536246
4063.39 0.536547
4063.52 0.536871
4063.64 0.537167
4063.76 0.537459
4063.88 0.537749
4064.01 0.538059
4064.13 0.538342
4064.25 0.538621
4064.37 0.538897
4064.5 0.539193
4064.62 0.539461
4064.74 0.539726
4064.86 0.539987
4064.99 0.540266
4065.11 0.540519
4065.23 0.540768
4065.36 0.541033
4065.48 0.541274
4065.6 0.54151
4065.72 0.541742
4065.85 0.541988
4065.97 0.54221
4066.09 0.542428
4066.21 0.542642
4066.34 0.542868
4066.46 0.543071
4066.58 0.54327
4066.7 0.543463
4066.83 0.543667
4066.95 0.54385
4067.07 0.544028
4067.2 0.544214
4067.32 0.544381
4067.44 0.544542
4067.56 0.544698
4067.69 0.54486
4067.81 0.545004
4067.93 0.545142
4068.05 0.545275
4068.18 0.545412
4068.3 0.545534
4068.42 0.54565
4068.54 0.545761
4068.67 0.545876
4068.79 0.545977
4068.91 0.546072
4069.04 0.54617
4069.16 0.546256
4069.28 0.546337
4069.4 0.546414
4069.53 0.546491
4069.65 0.546558
4069.77 0.546621
4069.9 0.546685
4070.02 0.546739
4070.14 0.546789
4070.26 0.546835
4070.39 0.54688
4070.51 0.546918
4070.63 0.546952
4070.75 0.546982
4070.88 0.547011
4071 0.547035
4071.12 0.547054
4071.25 0.547072
4071.37 0.547085
4071.49 0.547094
4071.61 0.547101
4071.74 0.547105
4071.86 0.547105
4071.98 0.547103
4072.11 0.547097
4072.23 0.547089
4072.35 0.547079
4072.47 0.547065
4072.6 0.547049
4072.72 0.547031
4072.84 0.54701
4072.97 0.546986
4073.09 0.546961
4073.21 0.546935
4073.33 0.546906
4073.46 0.546873
4073.58 0.546841
4073.7 0.546807
4073.83 0.546768
4073.95 0.546731
4074.07 0.546692
4074.19 0.546653
4074.32 0.546608
4074.44 0.546566
4074.56 0.546522
4074.69 0.546474
4074.81 0.546428
4074.93 0.546382
4075.05 0.546335
4075.18 0.546284
4075.3 0.546235
4075.42 0.546187
4075.55 0.546133
4075.67 0.546084
4075.79 0.546034
4075.91 0.545984
4076.04 0.54593
4076.16 0.54588
4076.28 0.54583
4076.41 0.545776
4076.53 0.545727
4076.65 0.545678
4076.78 0.545625
4076.9 0.545577
4077.02 0.54553
4077.14 0.545483
4077.27 0.545433
4077.39 0.545388
4077.51 0.545344
4077.64 0.545297
4077.76 0.545255
4077.88 0.545215
4078.01 0.545172
4078.13 0.545134
4078.25 0.545097
4078.37 0.545062
4078.5 0.545026
4078.62 0.544994
4078.74 0.544964
4078.87 0.544934
4078.99 0.544908
4079.11 0.544884
4079.24 0.544861
4079.36 0.544841
4079.48 0.544824
4079.6 0.54481
4079.73 0.544796
4079.85 0.544786
4079.97 0.544779
4080.1 0.544773
4080.22 0.54477
4080.34 0.544769
4080.47 0.544771
4080.59 0.544775
4080.71 0.544781
4080.84 0.544791
4080.96 0.544801
4081.08 0.544814
4081.21 0.54483
4081.33 0.544847
4081.45 0.544867
4081.57 0.544888
4081.7 0.544913
4081.82 0.544939
4081.94 0.544966
4082.07 0.544998
4082.19 0.545029
4082.31 0.545063
4082.44 0.545101
4082.56 0.545139
4082.68 0.545178
4082.81 0.545223
4082.93 0.545266
4083.05 0.545311
4083.18 0.545361
4083.3 0.54541
4083.42 0.54546
4083.54 0.545512
4083.67 0.54557
4083.79 0.545626
4083.91 0.545683
4084.04 0.545747
4084.16 0.545808
4084.28 0.54587
4084.41 0.545939
4084.53 0.546005
4084.65 0.546072
4084.78 0.546146
4084.9 0.546217
4085.02 0.546288
4085.15 0.546368
4085.27 0.546443
4085.39 0.546519
4085.52 0.546603
4085.64 0.546682
4085.76 0.546763
4085.89 0.546851
4086.01 0.546935
4086.13 0.547019
4086.26 0.547112
4086.38 0.547199
4086.5 0.547288
4086.63 0.547385
4086.75 0.547476
4086.87 0.547568
4087 0.547669
4087.12 0.547764
4087.24 0.54786
4087.36 0.547957
4087.49 0.548063
4087.61 0.548162
4087.73 0.548262
4087.86 0.548372
4087.98 0.548474
4088.1 0.548577
4088.23 0.54869
4088.35 0.548795
4088.47 0.548901
4088.6 0.549017
4088.72 0.549125
4088.84 0.549234
4088.97 0.549353
4089.09 0.549464
4089.21 0.549575
4089.34 0.549697
4089.46 0.54981
4089.58 0.549923
4089.71 0.550048
4089.83 0.550163
4089.95 0.550279
4090.08 0.550405
4090.2 0.550522
4090.32 0.55064
4090.45 0.550769
4090.57 0.550888
4090.7 0.551018
4090.82 0.551138
4090.94 0.551259
4091.07 0.551391
4091.19 0.551512
4091.31 0.551635
4091.44 0.551768
4091.56 0.551891
4091.68 0.552015
4091.81 0.552149
4091.93 0.552274
4092.05 0.552398
4092.18 0.552534
4092.3 0.552659
4092.42 0.552785
4092.55 0.552922
4092.67 0.553048
4092.79 0.553175
4092.92 0.553312
4093.04 0.553439
4093.16 0.553566
4093.29 0.553704
4093.41 0.553831
4093.53 0.553958
4093.66 0.554097
4093.78 0.554224
4093.9 0.554352
4094.03 0.55449
4094.15 0.554618
4094.28 0.554756
4094.4 0.554884
4094.52 0.555011
4094.65 0.555149
4094.77 0.555277
4094.89 0.555404
4095.02 0.555542
4095.14 0.555669
4095.26 0.555796
4095.39 0.555933
4095.51 0.556059
4095.63 0.556185
4095.76 0.556322
4095.88 0.556447
4096 0.556572
4096.13 0.556708
4096.25 0.556832
4096.38 0.556967
4096.5 0.557091
4096.62 0.557214
4096.75 0.557348
4096.87 0.55747
4096.99 0.557592
4097.12 0.557724
4097.24 0.557845
4097.36 0.557966
4097.49 0.558096
4097.61 0.558215
4097.73 0.558334
4097.86 0.558462
4097.98 0.55858
4098.11 0.558706
4098.23 0.558822
4098.35 0.558938
4098.48 0.559062
4098.6 0.559176
4098.72 0.55929
4098.85 0.559412
4098.97 0.559523
4099.09 0.559634
4099.22 0.559754
4099.34 0.559863
4099.47 0.55998
4099.59 0.560088
4099.71 0.560194
4099.84 0.560309
4099.96 0.560413
4100.08 0.560517
4100.21 0.560628
4100.33 0.560729
4100.45 0.56083
4100.58 0.560938
4100.7 0.561036
4100.83 0.561141
4100.95 0.561238
4101.07 0.561333
4101.2 0.561434
4101.32 0.561527
4101.44 0.561618
4101.57 0.561716
4101.69 0.561805
4101.82 0.5619
4101.94 0.561986
4102.06 0.562071
4102.19 0.562161
4102.31 0.562244
4102.43 0.562325
4102.56 0.562411
4102.68 0.562489
4102.81 0.562572
4102.93 0.562647
4103.05 0.562721
4103.18 0.562799
4103.3 0.562869
4103.42 0.562939
4103.55 0.563012
4103.67 0.563078
4103.8 0.563147
4103.92 0.56321
4104.04 0.563271
4104.17 0.563335
4104.29 0.563393
4104.41 0.563449
4104.54 0.563508
4104.66 0.56356
4104.79 0.563615
4104.91 0.563664
4105.03 0.563711
4105.16 0.56376
4105.28 0.563804
4105.41 0.563849
4105.53 0.563888
4105.65 0.563926
4105.78 0.563965
4105.9 0.563998
4106.02 0.56403
4106.15 0.564063
4106.27 0.56409
4106.4 0.564118
4106.52 0.564142
4106.64 0.564163
4106.77 0.564185
4106.89 0.564202
4107.02 0.564218
4107.14 0.564231
4107.26 0.564242
4107.39 0.564251
4107.51 0.564258
4107.63 0.564262
4107.76 0.564264
4107.88 0.564263
4108.01 0.56426
4108.13 0.564255
4108.25 0.564248
4108.38 0.564237
4108.5 0.564225
4108.63 0.564209
4108.75 0.564192
4108.87 0.564172
4109 0.564148
4109.12 0.564124
4109.25 0.564094
4109.37 0.564065
4109.49 0.564033
4109.62 0.563995
4109.74 0.563957
4109.87 0.563914
4109.99 0.563871
4110.11 0.563826
4110.24 0.563774
4110.36 0.563723
4110.49 0.563665
4110.61 0.563609
4110.73 0.56355
4110.86 0.563483
4110.98 0.563418
4111.11 0.563345
4111.23 0.563275
4111.35 0.563201
4111.48 0.563119
4111.6 0.56304
4111.73 0.562951
4111.85 0.562866
4111.97 0.562778
4112.1 0.56268
4112.22 0.562586
4112.35 0.562481
4112.47 0.562381
4112.59 0.562278
4112.72 0.562164
4112.84 0.562056
4112.97 0.561935
4113.09 0.561822
4113.21 0.561705
4113.34 0.561577
4113.46 0.561456
4113.59 0.561321
4113.71 0.561195
4113.83 0.561067
4113.96 0.560925
4114.08 0.560792
4114.21 0.560646
4114.33 0.560509
4114.45 0.560369
4114.58 0.560216
4114.7 0.560073
4114.83 0.559915
4114.95 0.559768
4115.08 0.559607
4115.2 0.559456
4115.32 0.559303
4115.45 0.559136
4115.57 0.558981
4115.7 0.55881
4115.82 0.558651
4115.94 0.558491
4116.07 0.558316
4116.19 0.558153
4116.32 0.557975
4116.44 0.557809
4116.57 0.557628
4116.69 0.55746
4116.81 0.557291
4116.94 0.557107
4117.06 0.556936
4117.19 0.55675
4117.31 0.556577
4117.43 0.556403
4117.56 0.556214
4117.68 0.556039
4117.81 0.555848
4117.93 0.555672
4118.06 0.55548
4118.18 0.555302
4118.3 0.555124
4118.43 0.554931
4118.55 0.554752
4118.68 0.554558
4118.8 0.554378
4118.93 0.554184
4119.05 0.554004
4119.17 0.553824
4119.3 0.553629
4119.42 0.553449
4119.55 0.553254
4119.67 0.553074
4119.8 0.55288
4119.92 0.5527
4120.04 0.552521
4120.17 0.552327
4120.29 0.552149
4120.42 0.551956
4120.54 0.551778
4120.67 0.551587
4120.79 0.55141
4120.91 0.551234
4121.04 0.551044
4121.16 0.55087
4121.29 0.550682
4121.41 0.550509
4121.54 0.550323
4121.66 0.550152
4121.78 0.549982
4121.91 0.549799
4122.03 0.549631
4122.16 0.54945
4122.28 0.549285
4122.41 0.549107
4122.53 0.548944
4122.65 0.548782
4122.78 0.548609
4122.9 0.54845
4123.03 0.54828
4123.15 0.548124
4123.28 0.547957
4123.4 0.547805
4123.52 0.547654
4123.65 0.547493
4123.77 0.547346
4123.9 0.547189
4124.02 0.547045
4124.15 0.546893
4124.27 0.546753
4124.4 0.546605
4124.52 0.54647
4124.64 0.546337
4124.77 0.546196
4124.89 0.546068
4125.02 0.545931
4125.14 0.545808
4125.27 0.545677
4125.39 0.545559
4125.52 0.545433
4125.64 0.545319
4125.76 0.545208
4125.89 0.545091
4126.01 0.544984
4126.14 0.544872
4126.26 0.54477
4126.39 0.544663
4126.51 0.544566
4126.64 0.544464
4126.76 0.544372
4126.88 0.544283
4127.01 0.544188
4127.13 0.544103
4127.26 0.544013
4127.38 0.543932
4127.51 0.543847
4127.63 0.543771
4127.76 0.543691
4127.88 0.54362
4128.01 0.543544
4128.13 0.543477
4128.25 0.543412
4128.38 0.543343
4128.5 0.543282
4128.63 0.543219
4128.75 0.543162
4128.88 0.543103
4129 0.54305
4129.13 0.542995
4129.25 0.542947
4129.37 0.5429
4129.5 0.542852
4129.62 0.542809
4129.75 0.542765
4129.87 0.542727
4130 0.542687
4130.12 0.542652
4130.25 0.542617
4130.37 0.542586
4130.5 0.542555
4130.62 0.542528
4130.75 0.5425
4130.87 0.542477
4130.99 0.542455
4131.12 0.542434
4131.24 0.542416
4131.37 0.542398
4131.49 0.542384
4131.62 0.54237
4131.74 0.542359
4131.87 0.542349
4131.99 0.542342
4132.12 0.542336
4132.24 0.542331
4132.37 0.542329
4132.49 0.542328
4132.61 0.542329
4132.74 0.542332
4132.86 0.542336
4132.99 0.542342
4133.11 0.542349
4133.24 0.542358
4133.36 0.542369
4133.49 0.542382
4133.61 0.542395
4133.74 0.542411
4133.86 0.542428
4133.99 0.542447
4134.11 0.542466
4134.24 0.542489
4134.36 0.542511
4134.48 0.542535
4134.61 0.542562
4134.73 0.542588
4134.86 0.542618
4134.98 0.542647
4135.11 0.54268
4135.23 0.542712
4135.36 0.542748
4135.48 0.542782
4135.61 0.542821
4135.73 0.542858
4135.86 0.542899
4135.98 0.542939
4136.11 0.542983
4136.23 0.543025
4136.36 0.543071
4136.48 0.543115
4136.61 0.543165
4136.73 0.543211
4136.86 0.543263
4136.98 0.543312
4137.1 0.543361
4137.23 0.543417
4137.35 0.543469
4137.48 0.543526
4137.6 0.54358
4137.73 0.54364
4137.85 0.543696
4137.98 0.543758
4138.1 0.543816
4138.23 0.543881
4138.35 0.543941
4138.48 0.544007
4138.6 0.544069
4138.73 0.544137
4138.85 0.544201
4138.98 0.544271
4139.1 0.544336
4139.23 0.544408
4139.35 0.544475
4139.48 0.544549
4139.6 0.544618
4139.73 0.544693
4139.85 0.544764
4139.98 0.544841
4140.1 0.544913
4140.23 0.544992
4140.35 0.545065
4140.48 0.545145
4140.6 0.54522
4140.73 0.545302
4140.85 0.545378
4140.98 0.545461
4141.1 0.545539
4141.22 0.545617
4141.35 0.545702
4141.47 0.545781
4141.6 0.545868
4141.72 0.545948
4141.85 0.546036
4141.97 0.546118
4142.1 0.546207
4142.22 0.54629
4142.35 0.54638
4142.47 0.546464
4142.6 0.546556
4142.72 0.54664
4142.85 0.546733
4142.97 0.546819
4143.1 0.546912
4143.22 0.546999
4143.35 0.547093
4143.47 0.547181
4143.6 0.547276
4143.72 0.547365
4143.85 0.547461
4143.97 0.54755
4144.1 0.547647
4144.22 0.547737
4144.35 0.547835
4144.47 0.547926
4144.6 0.548024
4144.72 0.548115
4144.85 0.548215
4144.97 0.548306
4145.1 0.548406
4145.22 0.548498
4145.35 0.548599
4145.47 0.548692
4145.6 0.548792
4145.72 0.548886
4145.85 0.548987
4145.97 0.549081
4146.1 0.549182
4146.22 0.549276
4146.35 0.549378
4146.47 0.549473
4146.6 0.549575
4146.72 0.54967
4146.85 0.549772
4146.97 0.549867
4147.1 0.54997
4147.23 0.550073
4147.35 0.550168
4147.48 0.550271
4147.6 0.550366
4147.73 0.550469
4147.85 0.550564
4147.98 0.550667
4148.1 0.550762
4148.23 0.550865
4148.35 0.55096
4148.48 0.551063
4148.6 0.551158
4148.73 0.55126
4148.85 0.551355
4148.98 0.551458
4149.1 0.551552
4149.23 0.551655
4149.35 0.551749
4149.48 0.551851
4149.6 0.551945
4149.73 0.552047
4149.85 0.55214
4149.98 0.552242
4150.1 0.552335
4150.23 0.552436
4150.35 0.552529
4150.48 0.552629
4150.6 0.552721
4150.73 0.552821
4150.85 0.552913
4150.98 0.553012
4151.1 0.553103
4151.23 0.553202
4151.36 0.5533
4151.48 0.55339
4151.61 0.553488
4151.73 0.553577
4151.86 0.553674
4151.98 0.553763
4152.11 0.553858
4152.23 0.553946
4152.36 0.554041
4152.48 0.554129
4152.61 0.554223
4152.73 0.554309
4152.86 0.554402
4152.98 0.554487
4153.11 0.554579
4153.23 0.554663
4153.36 0.554754
4153.48 0.554837
4153.61 0.554927
4153.74 0.555016
4153.86 0.555098
4153.99 0.555186
4154.11 0.555266
4154.24 0.555353
4154.36 0.555432
4154.49 0.555517
4154.61 0.555595
4154.74 0.555679
4154.86 0.555756
4154.99 0.555838
4155.11 0.555914
4155.24 0.555995
4155.36 0.556069
4155.49 0.556148
4155.62 0.556227
4155.74 0.556299
4155.87 0.556376
4155.99 0.556446
4156.12 0.556521
4156.24 0.55659
4156.37 0.556664
4156.49 0.556731
4156.62 0.556803
4156.74 0.556869
4156.87 0.55694
4156.99 0.557005
4157.12 0.557074
4157.24 0.557138
4157.37 0.557206
4157.5 0.557274
4157.62 0.557336
4157.75 0.557402
4157.87 0.557463
4158 0.557529
4158.12 0.557589
4158.25 0.557654
4158.37 0.557713
4158.5 0.557777
4158.62 0.557836
4158.75 0.557899
4158.88 0.557962
4159 0.55802
4159.13 0.558082
4159.25 0.558139
4159.38 0.558201
4159.5 0.558258
4159.63 0.55832
4159.75 0.558376
4159.88 0.558438
4160 0.558494
4160.13 0.558555
4160.26 0.558616
4160.38 0.558673
4160.51 0.558734
4160.63 0.55879
4160.76 0.558851
4160.88 0.558907
4161.01 0.558968
4161.13 0.559025
4161.26 0.559086
4161.39 0.559148
4161.51 0.559205
4161.64 0.559267
4161.76 0.559324
4161.89 0.559387
4162.01 0.559445
4162.14 0.559508
4162.26 0.559566
4162.39 0.55963
4162.52 0.559694
4162.64 0.559754
4162.77 0.559819
4162.89 0.559879
4163.02 0.559945
4163.14 0.560006
4163.27 0.560073
4163.39 0.560135
4163.52 0.560203
4163.65 0.560272
4163.77 0.560336
4163.9 0.560405
4164.02 0.56047
4164.15 0.560542
4164.27 0.560608
4164.4 0.56068
4164.52 0.560748
4164.65 0.560822
4164.78 0.560897
4164.9 0.560967
4165.03 0.561044
4165.15 0.561115
4165.28 0.561194
4165.4 0.561267
4165.53 0.561347
4165.66 0.561428
4165.78 0.561504
4165.91 0.561587
4166.03 0.561665
4166.16 0.56175
4166.28 0.56183
4166.41 0.561918
4166.53 0.561999
4166.66 0.562089
4166.79 0.56218
4166.91 0.562265
4167.04 0.562359
4167.16 0.562446
4167.29 0.562542
4167.41 0.562632
4167.54 0.562731
4167.67 0.562831
4167.79 0.562924
4167.92 0.563027
4168.04 0.563123
4168.17 0.563229
4168.29 0.563328
4168.42 0.563436
4168.55 0.563546
4168.67 0.563649
4168.8 0.563762
4168.92 0.563868
4169.05 0.563984
4169.17 0.564093
4169.3 0.564212
4169.43 0.564332
4169.55 0.564444
4169.68 0.564567
4169.8 0.564682
4169.93 0.564807
4170.06 0.564934
4170.18 0.565052
4170.31 0.56518
4170.43 0.5653
4170.56 0.565431
4170.68 0.565553
4170.81 0.565686
4170.94 0.565819
4171.06 0.565944
4171.19 0.566079
4171.31 0.566205
4171.44 0.566342
4171.57 0.56648
4171.69 0.566607
4171.82 0.566747
4171.94 0.566876
4172.07 0.567016
4172.19 0.567146
4172.32 0.567287
4172.45 0.567429
4172.57 0.567561
4172.7 0.567704
4172.82 0.567836
4172.95 0.567979
4173.08 0.568123
4173.2 0.568256
4173.33 0.5684
4173.45 0.568534
4173.58 0.568678
4173.7 0.568812
4173.83 0.568957
4173.96 0.569102
4174.08 0.569236
4174.21 0.569381
4174.33 0.569514
4174.46 0.569659
4174.59 0.569804
4174.71 0.569937
4174.84 0.570081
4174.96 0.570214
4175.09 0.570358
4175.22 0.570502
4175.34 0.570634
4175.47 0.570776
4175.59 0.570908
4175.72 0.57105
4175.85 0.571191
4175.97 0.571321
4176.1 0.571461
4176.22 0.57159
4176.35 0.571729
4176.48 0.571868
4176.6 0.571995
4176.73 0.572131
4176.85 0.572257
4176.98 0.572392
4177.11 0.572527
4177.23 0.57265
4177.36 0.572783
4177.48 0.572904
4177.61 0.573035
4177.74 0.573165
4177.86 0.573283
4177.99 0.573411
4178.11 0.573527
4178.24 0.573652
4178.37 0.573776
4178.49 0.573889
4178.62 0.574011
4178.74 0.574122
4178.87 0.57424
4179 0.574358
4179.12 0.574464
4179.25 0.574579
4179.37 0.574683
4179.5 0.574794
4179.63 0.574904
4179.75 0.575004
4179.88 0.57511
4180 0.575207
4180.13 0.57531
4180.26 0.575411
4180.38 0.575503
4180.51 0.575601
4180.63 0.575689
4180.76 0.575783
4180.89 0.575875
4181.01 0.575958
4181.14 0.576046
4181.27 0.576132
4181.39 0.576209
4181.52 0.576291
4181.64 0.576364
4181.77 0.576442
4181.9 0.576517
4182.02 0.576585
4182.15 0.576657
4182.27 0.576721
4182.4 0.576788
4182.53 0.576853
4182.65 0.576911
4182.78 0.576973
4182.91 0.577032
4183.03 0.577084
4183.16 0.577139
4183.28 0.577188
4183.41 0.577239
4183.54 0.577288
4183.66 0.577331
4183.79 0.577376
4183.91 0.577416
4184.04 0.577457
4184.17 0.577495
4184.29 0.577529
4184.42 0.577564
4184.55 0.577597
4184.67 0.577625
4184.8 0.577654
4184.92 0.577679
4185.05 0.577703
4185.18 0.577726
4185.3 0.577745
4185.43 0.577764
4185.56 0.577781
4185.68 0.577794
4185.81 0.577807
4185.93 0.577817
4186.06 0.577826
4186.19 0.577833
4186.31 0.577837
4186.44 0.57784
4186.57 0.577841
4186.69 0.57784
4186.82 0.577837
4186.94 0.577833
4187.07 0.577826
4187.2 0.577817
4187.32 0.577807
4187.45 0.577795
4187.58 0.57778
4187.7 0.577764
4187.83 0.577746
4187.96 0.577725
4188.08 0.577705
4188.21 0.57768
4188.33 0.577656
4188.46 0.577628
4188.59 0.577598
4188.71 0.577568
4188.84 0.577534
4188.97 0.577498
4189.09 0.577463
4189.22 0.577424
4189.34 0.577385
4189.47 0.577342
4189.6 0.577296
4189.72 0.577253
4189.85 0.577203
4189.98 0.577152
4190.1 0.577103
4190.23 0.577048
4190.36 0.576991
4190.48 0.576937
4190.61 0.576877
4190.74 0.576814
4190.86 0.576755
4190.99 0.576689
4191.11 0.576626
4191.24 0.576556
4191.37 0.576484
4191.49 0.576416
4191.62 0.576341
4191.75 0.576263
4191.87 0.57619
4192 0.576109
4192.13 0.576026
4192.25 0.575948
4192.38 0.575861
4192.51 0.575773
4192.63 0.575689
4192.76 0.575597
4192.88 0.57551
4193.01 0.575415
4193.14 0.575317
4193.26 0.575225
4193.39 0.575124
4193.52 0.575021
4193.64 0.574924
4193.77 0.574817
4193.9 0.574709
4194.02 0.574607
4194.15 0.574495
4194.28 0.574381
4194.4 0.574274
4194.53 0.574156
4194.66 0.574037
4194.78 0.573925
4194.91 0.573802
4195.04 0.573678
4195.16 0.573561
4195.29 0.573432
4195.41 0.573312
4195.54 0.573181
4195.67 0.573047
4195.79 0.572922
4195.92 0.572785
4196.05 0.572646
4196.17 0.572516
4196.3 0.572374
4196.43 0.572229
4196.55 0.572095
4196.68 0.571947
4196.81 0.571798
4196.93 0.571658
4197.06 0.571505
4197.19 0.57135
4197.31 0.571206
4197.44 0.571048
4197.57 0.570888
4197.69 0.570739
4197.82 0.570575
4197.95 0.57041
4198.07 0.570256
4198.2 0.570088
4198.33 0.569917
4198.45 0.569759
4198.58 0.569585
4198.71 0.56941
4198.83 0.569246
4198.96 0.569067
4199.09 0.568887
4199.21 0.568719
4199.34 0.568535
4199.47 0.568349
4199.59 0.568176
4199.72 0.567987
4199.85 0.567797
4199.97 0.567619
4200.1 0.567425
4200.23 0.567229
4200.35 0.567047
4200.48 0.566848
4200.61 0.566647
4200.73 0.566461
4200.86 0.566257
4200.99 0.566051
4201.11 0.565859
4201.24 0.565651
4201.37 0.56544
4201.49 0.565244
4201.62 0.56503
4201.75 0.564814
4201.87 0.564614
4202 0.564395
4202.13 0.564174
4202.25 0.563969
4202.38 0.563746
4202.51 0.56352
4202.63 0.563311
4202.76 0.563082
4202.89 0.562852
4203.01 0.562638
4203.14 0.562404
4203.27 0.562169
4203.4 0.561932
4203.52 0.561712
4203.65 0.561472
4203.78 0.561231
4203.9 0.561006
4204.03 0.560761
4204.16 0.560515
4204.28 0.560286
4204.41 0.560037
4204.54 0.559785
4204.66 0.559552
4204.79 0.559298
4204.92 0.559042
4205.04 0.558804
4205.17 0.558546
4205.3 0.558285
4205.42 0.558043
4205.55 0.55778
4205.68 0.557515
4205.8 0.557269
4205.93 0.557002
4206.06 0.556733
4206.19 0.556463
4206.31 0.556212
4206.44 0.555939
4206.57 0.555665
4206.69 0.555411
4206.82 0.555135
4206.95 0.554857
4207.07 0.5546
4207.2 0.55432
4207.33 0.55404
4207.45 0.553779
4207.58 0.553497
4207.71 0.553213
4207.84 0.552928
4207.96 0.552664
4208.09 0.552378
4208.22 0.552091
4208.34 0.551825
4208.47 0.551536
4208.6 0.551246
4208.72 0.550978
4208.85 0.550686
4208.98 0.550394
4209.1 0.550124
4209.23 0.549831
4209.36 0.549537
4209.49 0.549243
4209.61 0.548971
4209.74 0.548675
4209.87 0.548379
4209.99 0.548106
4210.12 0.547809
4210.25 0.547512
4210.37 0.547237
4210.5 0.546939
4210.63 0.546641
4210.76 0.546342
4210.88 0.546066
4211.01 0.545767
4211.14 0.545468
4211.26 0.545192
4211.39 0.544892
4211.52 0.544592
4211.64 0.544316
4211.77 0.544016
4211.9 0.543716
4212.03 0.543416
4212.15 0.543139
4212.28 0.542839
4212.41 0.54254
4212.53 0.542263
4212.66 0.541964
4212.79 0.541664
4212.92 0.541365
4213.04 0.541089
4213.17 0.540791
4213.3 0.540492
4213.42 0.540217
4213.55 0.53992
4213.68 0.539622
4213.8 0.539348
4213.93 0.539052
4214.06 0.538755
4214.19 0.53846
4214.31 0.538187
4214.44 0.537893
4214.57 0.537599
4214.69 0.537328
4214.82 0.537035
4214.95 0.536743
4215.08 0.536452
4215.2 0.536183
4215.33 0.535893
4215.46 0.535604
4215.58 0.535338
4215.71 0.53505
4215.84 0.534764
4215.97 0.534478
4216.09 0.534215
4216.22 0.533931
4216.35 0.533647
4216.47 0.533387
4216.6 0.533106
4216.73 0.532826
4216.86 0.532547
4216.98 0.532291
4217.11 0.532014
4217.24 0.531738
4217.37 0.531464
4217.49 0.531212
4217.62 0.53094
4217.75 0.530669
4217.87 0.53042
4218 0.530152
4218.13 0.529885
4218.26 0.529619
4218.38 0.529374
4218.51 0.529111
4218.64 0.528849
4218.76 0.528608
4218.89 0.528348
4219.02 0.52809
4219.15 0.527833
4219.27 0.527597
4219.4 0.527343
4219.53 0.52709
4219.66 0.526838
4219.78 0.526607
4219.91 0.526358
4220.04 0.526111
4220.16 0.525884
4220.29 0.525639
4220.42 0.525396
4220.55 0.525154
4220.67 0.524932
4220.8 0.524694
4220.93 0.524456
4221.06 0.52422
4221.18 0.524004
4221.31 0.523771
4221.44 0.52354
4221.57 0.52331
4221.69 0.5231
4221.82 0.522873
4221.95 0.522648
4222.07 0.522441
4222.2 0.522219
4222.33 0.521999
4222.46 0.52178
4222.58 0.52158
4222.71 0.521365
4222.84 0.521151
4222.97 0.520939
4223.09 0.520744
4223.22 0.520536
4223.35 0.520328
4223.48 0.520123
4223.6 0.519935
4223.73 0.519733
4223.86 0.519533
4223.99 0.519334
4224.11 0.519153
4224.24 0.518958
4224.37 0.518765
4224.5 0.518574
4224.62 0.518399
4224.75 0.518211
4224.88 0.518025
4225 0.517855
4225.13 0.517673
4225.26 0.517493
4225.39 0.517314
4225.51 0.517151
4225.64 0.516976
4225.77 0.516804
4225.9 0.516633
4226.02 0.516477
4226.15 0.51631
4226.28 0.516145
4226.41 0.515982
4226.53 0.515833
4226.66 0.515674
4226.79 0.515517
4226.92 0.515362
4227.04 0.515221
4227.17 0.51507
4227.3 0.514921
4227.43 0.514774
4227.55 0.514641
4227.68 0.514498
4227.81 0.514357
4227.94 0.514219
4228.06 0.514093
4228.19 0.513959
4228.32 0.513826
4228.45 0.513697
4228.57 0.513579
4228.7 0.513453
4228.83 0.513329
4228.96 0.513208
4229.09 0.513089
4229.21 0.512982
4229.34 0.512867
4229.47 0.512755
4229.6 0.512645
4229.72 0.512545
4229.85 0.51244
4229.98 0.512336
4230.11 0.512235
4230.23 0.512144
4230.36 0.512047
4230.49 0.511952
4230.62 0.51186
4230.74 0.511777
4230.87 0.511688
4231 0.511602
4231.13 0.511518
4231.25 0.511442
4231.38 0.511362
4231.51 0.511284
4231.64 0.511208
4231.76 0.511139
4231.89 0.511067
4232.02 0.510997
4232.15 0.510929
4232.28 0.510862
4232.4 0.510802
4232.53 0.51074
4232.66 0.510679
4232.79 0.51062
4232.91 0.510567
4233.04 0.510511
4233.17 0.510457
4233.3 0.510405
4233.42 0.510359
4233.55 0.51031
4233.68 0.510263
4233.81 0.510218
4233.94 0.510174
4234.06 0.510135
4234.19 0.510095
4234.32 0.510056
4234.45 0.510018
4234.57 0.509985
4234.7 0.509951
4234.83 0.509918
4234.96 0.509887
4235.08 0.509859
4235.21 0.509831
4235.34 0.509804
4235.47 0.509778
4235.6 0.509754
4235.72 0.509733
4235.85 0.509712
4235.98 0.509692
4236.11 0.509673
4236.23 0.509657
4236.36 0.50964
4236.49 0.509625
4236.62 0.509612
4236.75 0.509599
4236.87 0.509589
4237 0.509579
4237.13 0.50957
4237.26 0.509562
4237.38 0.509556
4237.51 0.50955
4237.64 0.509545
4237.77 0.509542
4237.9 0.50954
4238.02 0.509538
4238.15 0.509538
4238.28 0.509538
4238.41 0.50954
4238.54 0.509543
4238.66 0.509546
4238.79 0.50955
4238.92 0.509555
4239.05 0.509561
4239.17 0.509568
4239.3 0.509576
4239.43 0.509584
4239.56 0.509594
4239.69 0.509604
4239.81 0.509614
4239.94 0.509626
4240.07 0.509638
4240.2 0.509651
4240.33 0.509665
4240.45 0.509679
4240.58 0.509694
4240.71 0.509709
4240.84 0.509726
4240.97 0.509743
4241.09 0.509759
4241.22 0.509777
4241.35 0.509795
4241.48 0.509814
4241.6 0.509833
4241.73 0.509853
4241.86 0.509873
4241.99 0.509894
4242.12 0.509915
4242.24 0.509935
4242.37 0.509957
4242.5 0.50998
4242.63 0.510003
4242.76 0.510026
4242.88 0.510048
4243.01 0.510071
4243.14 0.510095
4243.27 0.510119
4243.4 0.510144
4243.52 0.510167
4243.65 0.510191
4243.78 0.510216
4243.91 0.510241
4244.04 0.510267
4244.16 0.51029
4244.29 0.510315
4244.42 0.510341
4244.55 0.510367
4244.68 0.510392
4244.8 0.510416
4244.93 0.510441
4245.06 0.510467
4245.19 0.510492
4245.32 0.510518
4245.44 0.510541
4245.57 0.510566
4245.7 0.510592
4245.83 0.510617
4245.96 0.510641
4246.09 0.510666
4246.21 0.510689
4246.34 0.510713
4246.47 0.510737
4246.6 0.510761
4246.73 0.510784
4246.85 0.510805
4246.98 0.510828
4247.11 0.510851
4247.24 0.510873
4247.37 0.510895
4247.49 0.510914
4247.62 0.510935
4247.75 0.510956
4247.88 0.510976
4248.01 0.510996
4248.14 0.511016
4248.26 0.511034
4248.39 0.511053
4248.52 0.511072
4248.65 0.51109
4248.78 0.511108
4248.9 0.511124
4249.03 0.511142
4249.16 0.511159
4249.29 0.511176
4249.42 0.511192
4249.54 0.511207
4249.67 0.511223
4249.8 0.511239
4249.93 0.511254
4250.06 0.51127
4250.19 0.511285
4250.31 0.511298
4250.44 0.511312
4250.57 0.511327
4250.7 0.511341
4250.83 0.511354
4250.96 0.511368
4251.08 0.51138
4251.21 0.511393
4251.34 0.511406
4251.47 0.511418
4251.6 0.51143
4251.72 0.511442
4251.85 0.511454
4251.98 0.511465
4252.11 0.511477
4252.24 0.511488
4252.37 0.511499
4252.49 0.51151
4252.62 0.51152
4252.75 0.511531
4252.88 0.511542
4253.01 0.511552
4253.14 0.511562
4253.26 0.511571
4253.39 0.511581
4253.52 0.511591
4253.65 0.511601
4253.78 0.51161
4253.91 0.51162
4254.03 0.511628
4254.16 0.511637
4254.29 0.511647
4254.42 0.511655
4254.55 0.511664
4254.68 0.511673
4254.8 0.511681
4254.93 0.51169
4255.06 0.511698
4255.19 0.511707
4255.32 0.511715
4255.45 0.511723
4255.57 0.511731
4255.7 0.511739
4255.83 0.511747
4255.96 0.511755
4256.09 0.511763
4256.22 0.511771
4256.34 0.511779
4256.47 0.511787
4256.6 0.511795
4256.73 0.511803
4256.86 0.51181
4256.99 0.511818
4257.11 0.511826
4257.24 0.511834
4257.37 0.511841
4257.5 0.511849
4257.63 0.511857
4257.76 0.511865
4257.88 0.511873
4258.01 0.511881
4258.14 0.511889
4258.27 0.511897
4258.4 0.511905
4258.53 0.511913
4258.66 0.511921
4258.78 0.511929
4258.91 0.511937
4259.04 0.511946
4259.17 0.511954
4259.3 0.511963
4259.43 0.511971
4259.55 0.51198
4259.68 0.511988
4259.81 0.511997
4259.94 0.512006
4260.07 0.512016
4260.2 0.512025
4260.33 0.512034
4260.45 0.512043
4260.58 0.512053
4260.71 0.512062
4260.84 0.512072
4260.97 0.512082
4261.1 0.512093
4261.23 0.512103
4261.35 0.512113
4261.48 0.512123
4261.61 0.512134
4261.74 0.512145
4261.87 0.512156
4262 0.512168
4262.13 0.512179
4262.25 0.51219
4262.38 0.512202
4262.51 0.512214
4262.64 0.512227
4262.77 0.512239
4262.9 0.512252
4263.03 0.512265
4263.15 0.512277
4263.28 0.51229
4263.41 0.512304
4263.54 0.512318
4263.67 0.512332
4263.8 0.512347
4263.93 0.512361
4264.05 0.512375
4264.18 0.51239
4264.31 0.512406
4264.44 0.512421
4264.57 0.512437
4264.7 0.512454
4264.83 0.51247
4264.95 0.512486
4265.08 0.512503
4265.21 0.51252
4265.34 0.512538
4265.47 0.512556
4265.6 0.512575
4265.73 0.512593
4265.86 0.512612
4265.98 0.51263
4266.11 0.51265
4266.24 0.51267
4266.37 0.51269
4266.5 0.512711
4266.63 0.512732
4266.76 0.512753
4266.88 0.512773
4267.01 0.512795
4267.14 0.512817
4267.27 0.512839
4267.4 0.512861
4267.53 0.512884
4267.66 0.512907
4267.79 0.51293
4267.91 0.512951
4268.04 0.512974
4268.17 0.512997
4268.3 0.513021
4268.43 0.513044
4268.56 0.513067
4268.69 0.513091
4268.82 0.513114
4268.94 0.513136
4269.07 0.513159
4269.2 0.513183
4269.33 0.513206
4269.46 0.51323
4269.59 0.513253
4269.72 0.513276
4269.85 0.513299
4269.97 0.51332
4270.1 0.513343
4270.23 0.513366
4270.36 0.513388
4270.49 0.51341
4270.62 0.513432
4270.75 0.513454
4270.88 0.513475
4271.01 0.513497
4271.13 0.513516
4271.26 0.513537
4271.39 0.513557
4271.52 0.513577
4271.65 0.513597
4271.78 0.513616
4271.91 0.513635
4272.04 0.513654
4272.16 0.513671
4272.29 0.513689
4272.42 0.513706
4272.55 0.513723
4272.68 0.513739
4272.81 0.513755
4272.94 0.513771
4273.07 0.513786
4273.2 0.5138
4273.32 0.513813
4273.45 0.513826
4273.58 0.513839
4273.71 0.513851
4273.84 0.513862
4273.97 0.513873
4274.1 0.513883
4274.23 0.513892
4274.36 0.513901
4274.49 0.513909
4274.61 0.513916
4274.74 0.513923
4274.87 0.513929
4275 0.513934
4275.13 0.513938
4275.26 0.513941
4275.39 0.513944
4275.52 0.513946
4275.65 0.513947
4275.77 0.513947
4275.9 0.513947
4276.03 0.513945
4276.16 0.513942
4276.29 0.513939
4276.42 0.513935
4276.55 0.513929
4276.68 0.513923
4276.81 0.513915
4276.94 0.513907
4277.06 0.513898
4277.19 0.513888
4277.32 0.513876
4277.45 0.513864
4277.58 0.51385
4277.71 0.513835
4277.84 0.51382
4277.97 0.513802
4278.1 0.513784
4278.23 0.513765
4278.35 0.513746
4278.48 0.513724
4278.61 0.513701
4278.74 0.513677
4278.87 0.513651
4279 0.513624
4279.13 0.513596
4279.26 0.513567
4279.39 0.513536
4279.52 0.513504
4279.65 0.513471
4279.77 0.513438
4279.9 0.513402
4280.03 0.513365
4280.16 0.513326
4280.29 0.513285
4280.42 0.513243
4280.55 0.5132
4280.68 0.513155
4280.81 0.513109
4280.94 0.513061
4281.07 0.513011
4281.2 0.51296
4281.32 0.512912
4281.45 0.512858
4281.58 0.512802
4281.71 0.512744
4281.84 0.512685
4281.97 0.512625
4282.1 0.512562
4282.23 0.512499
4282.36 0.512433
4282.49 0.512366
4282.62 0.512298
4282.74 0.512234
4282.87 0.512164
4283 0.512092
4283.13 0.51202
4283.26 0.511946
4283.39 0.511871
4283.52 0.511796
4283.65 0.51172
4283.78 0.511643
4283.91 0.511566
4284.04 0.511488
4284.17 0.511409
4284.3 0.51133
4284.42 0.511257
4284.55 0.511178
4284.68 0.511099
4284.81 0.511019
4284.94 0.510939
4285.07 0.51086
4285.2 0.510781
4285.33 0.510701
4285.46 0.510622
4285.59 0.510544
4285.72 0.510466
4285.85 0.510388
4285.98 0.510311
4286.11 0.510235
4286.23 0.510165
4286.36 0.51009
4286.49 0.510016
4286.62 0.509942
4286.75 0.50987
4286.88 0.509799
4287.01 0.509729
4287.14 0.509661
4287.27 0.509593
4287.4 0.509528
4287.53 0.509463
4287.66 0.5094
4287.79 0.509339
4287.92 0.509279
4288.04 0.509226
4288.17 0.509169
4288.3 0.509115
4288.43 0.509063
4288.56 0.509013
4288.69 0.508964
4288.82 0.508919
4288.95 0.508875
4289.08 0.508834
4289.21 0.508795
4289.34 0.508758
4289.47 0.508724
4289.6 0.508693
4289.73 0.508665
4289.86 0.508639
4289.99 0.508616
4290.11 0.508598
4290.24 0.508581
4290.37 0.508567
4290.5 0.508556
4290.63 0.508548
4290.76 0.508544
4290.89 0.508543
4291.02 0.508545
4291.15 0.508551
4291.28 0.508561
4291.41 0.508574
4291.54 0.508591
4291.67 0.508612
4291.8 0.508637
4291.93 0.508666
4292.06 0.508699
4292.19 0.508736
4292.32 0.508777
4292.44 0.508818
4292.57 0.508868
4292.7 0.508922
4292.83 0.50898
4292.96 0.509043
4293.09 0.50911
4293.22 0.509183
4293.35 0.50926
4293.48 0.509341
4293.61 0.509428
4293.74 0.50952
4293.87 0.509617
4294 0.509719
4294.13 0.509826
4294.26 0.509939
4294.39 0.510057
4294.52 0.51018
4294.65 0.510309
4294.78 0.510444
4294.91 0.510584
4295.04 0.51073
4295.16 0.51087
4295.29 0.511027
4295.42 0.51119
4295.55 0.511359
4295.68 0.511535
4295.81 0.511716
4295.94 0.511904
4296.07 0.512098
4296.2 0.512298
4296.33 0.512504
4296.46 0.512715
4296.59 0.512932
4296.72 0.513154
4296.85 0.513381
4296.98 0.513613
4297.11 0.51385
4297.24 0.514092
4297.37 0.514338
4297.5 0.514588
4297.63 0.514843
4297.76 0.515101
4297.89 0.515363
4298.02 0.515629
4298.15 0.515898
4298.28 0.51617
4298.4 0.516425
4298.53 0.516703
4298.66 0.516984
4298.79 0.517267
4298.92 0.517553
4299.05 0.517841
4299.18 0.518131
4299.31 0.518423
4299.44 0.518717
4299.57 0.519013
4299.7 0.519309
4299.83 0.519607
4299.96 0.519906
4300.09 0.520206
4300.22 0.520507
4300.35 0.520808
4300.48 0.52111
4300.61 0.521411
4300.74 0.521713
4300.87 0.522015
4301 0.522316
4301.13 0.522617
4301.26 0.522917
4301.39 0.523216
4301.52 0.523515
4301.65 0.523812
4301.78 0.524107
4301.91 0.524402
4302.04 0.524694
4302.17 0.524985
4302.3 0.525274
4302.43 0.52556
4302.56 0.525845
4302.69 0.526126
4302.82 0.526405
4302.95 0.526681
4303.07 0.526933
4303.2 0.527203
4303.33 0.52747
4303.46 0.527733
4303.59 0.527993
4303.72 0.528248
4303.85 0.5285
4303.98 0.528747
4304.11 0.52899
4304.24 0.529228
4304.37 0.529462
4304.5 0.52969
4304.63 0.529914
4304.76 0.530132
4304.89 0.530345
4305.02 0.530552
4305.15 0.530754
4305.28 0.530949
4305.41 0.531139
4305.54 0.531322
4305.67 0.531499
4305.8 0.531669
4305.93 0.531833
4306.06 0.531989
4306.19 0.532138
4306.32 0.53228
4306.45 0.532415
4306.58 0.532542
4306.71 0.532662
4306.84 0.532775
4306.97 0.532881
4307.1 0.53298
4307.23 0.533073
4307.36 0.533159
4307.49 0.533238
4307.62 0.533312
4307.75 0.53338
4307.88 0.533441
4308.01 0.533497
4308.14 0.533548
4308.27 0.533593
4308.4 0.533633
4308.53 0.533668
4308.66 0.533698
4308.79 0.533723
4308.92 0.533743
4309.05 0.533759
4309.18 0.533771
4309.31 0.533778
4309.44 0.533782
4309.57 0.533781
4309.7 0.533777
4309.83 0.53377
4309.96 0.533759
4310.09 0.533744
4310.22 0.533727
4310.35 0.533707
4310.48 0.533683
4310.61 0.533658
4310.74 0.53363
4310.87 0.533599
4311 0.533566
4311.13 0.533532
4311.26 0.533495
4311.39 0.533457
4311.52 0.533417
4311.65 0.533376
4311.78 0.533333
4311.91 0.533289
4312.04 0.533245
4312.17 0.533199
4312.3 0.533153
4312.43 0.533107
4312.56 0.53306
4312.69 0.533013
4312.82 0.532966
4312.95 0.532919
4313.08 0.532873
4313.21 0.532827
4313.34 0.532781
4313.47 0.532736
4313.6 0.532692
4313.73 0.532649
4313.86 0.532608
4313.99 0.532567
4314.12 0.532529
4314.25 0.532491
4314.38 0.532456
4314.51 0.532423
4314.64 0.532391
4314.77 0.532362
4314.9 0.532336
4315.03 0.532312
4315.16 0.532291
4315.29 0.532272
4315.42 0.532256
4315.55 0.532242
4315.68 0.532231
4315.81 0.532221
4315.94 0.532214
4316.07 0.532209
4316.2 0.532205
4316.33 0.532203
4316.46 0.532203
4316.6 0.532205
4316.73 0.532207
4316.86 0.532211
4316.99 0.532216
4317.12 0.532222
4317.25 0.532229
4317.38 0.532236
4317.51 0.532244
4317.64 0.532253
4317.77 0.532262
4317.9 0.532272
4318.03 0.532281
4318.16 0.532291
4318.29 0.532301
4318.42 0.53231
4318.55 0.532319
4318.68 0.532328
4318.81 0.532336
4318.94 0.532344
4319.07 0.532351
4319.2 0.532357
4319.33 0.532361
4319.46 0.532365
4319.59 0.532368
4319.72 0.532369
4319.85 0.532369
4319.98 0.532367
4320.11 0.532364
4320.24 0.532359
4320.37 0.532352
4320.5 0.532343
4320.63 0.532331
4320.76 0.532318
4320.89 0.532302
4321.02 0.532284
4321.15 0.532263
4321.29 0.532238
4321.42 0.532212
4321.55 0.532184
4321.68 0.532154
4321.81 0.532122
4321.94 0.532087
4322.07 0.53205
4322.2 0.532011
4322.33 0.53197
4322.46 0.531926
4322.59 0.53188
4322.72 0.531833
4322.85 0.531783
4322.98 0.531731
4323.11 0.531677
4323.24 0.531621
4323.37 0.531563
4323.5 0.531503
4323.63 0.531441
4323.76 0.531377
4323.89 0.531312
4324.02 0.531244
4324.15 0.531175
4324.28 0.531103
4324.41 0.53103
4324.54 0.530955
4324.68 0.530872
4324.81 0.530794
4324.94 0.530713
4325.07 0.530631
4325.2 0.530548
4325.33 0.530462
4325.46 0.530375
4325.59 0.530287
4325.72 0.530196
4325.85 0.530105
4325.98 0.530011
4326.11 0.529916
4326.24 0.52982
4326.37 0.529722
4326.5 0.529623
4326.63 0.529522
4326.76 0.52942
4326.89 0.529316
4327.02 0.529212
4327.15 0.529105
4327.29 0.52899
4327.42 0.528881
4327.55 0.52877
4327.68 0.528659
4327.81 0.528546
4327.94 0.528432
4328.07 0.528317
4328.2 0.528201
4328.33 0.528084
4328.46 0.527965
4328.59 0.527846
4328.72 0.527725
4328.85 0.527603
4328.98 0.52748
4329.11 0.527357
4329.24 0.527232
4329.37 0.527106
4329.5 0.52698
4329.64 0.526842
4329.77 0.526714
4329.9 0.526585
4330.03 0.526455
4330.16 0.526324
4330.29 0.526192
4330.42 0.526059
4330.55 0.525926
4330.68 0.525792
4330.81 0.525657
4330.94 0.525522
4331.07 0.525386
4331.2 0.525249
4331.33 0.525112
4331.46 0.524974
4331.59 0.524835
4331.73 0.524686
4331.86 0.524546
4331.99 0.524406
4332.12 0.524265
4332.25 0.524124
4332.38 0.523983
4332.51 0.523841
4332.64 0.523699
4332.77 0.523556
4332.9 0.523413
4333.03 0.52327
4333.16 0.523127
4333.29 0.522983
4333.42 0.522839
4333.56 0.522683
4333.69 0.522539
4333.82 0.522394
4333.95 0.522249
4334.08 0.522104
4334.21 0.521959
4334.34 0.521814
4334.47 0.521669
4334.6 0.521523
4334.73 0.521378
4334.86 0.521233
4334.99 0.521087
4335.12 0.520942
4335.25 0.520797
4335.39 0.520641
4335.52 0.520496
4335.65 0.520351
4335.78 0.520206
4335.91 0.520062
4336.04 0.519917
4336.17 0.519773
4336.3 0.519629
4336.43 0.519486
4336.56 0.519343
4336.69 0.5192
4336.82 0.519057
4336.95 0.518915
4337.09 0.518762
4337.22 0.518621
4337.35 0.51848
4337.48 0.518339
4337.61 0.518199
4337.74 0.51806
4337.87 0.517921
4338 0.517782
4338.13 0.517645
4338.26 0.517507
4338.39 0.517371
4338.53 0.517224
4338.66 0.517089
4338.79 0.516954
4338.92 0.51682
4339.05 0.516687
4339.18 0.516555
4339.31 0.516423
4339.44 0.516292
4339.57 0.516162
4339.7 0.516033
4339.83 0.515905
4339.96 0.515777
4340.1 0.515641
4340.23 0.515516
4340.36 0.515391
4340.49 0.515267
4340.62 0.515145
4340.75 0.515023
4340.88 0.514903
4341.01 0.514783
4341.14 0.514665
4341.27 0.514548
4341.41 0.514423
4341.54 0.514308
4341.67 0.514194
4341.8 0.514082
4341.93 0.513971
4342.06 0.513861
4342.19 0.513752
4342.32 0.513645
4342.45 0.513539
4342.58 0.513434
4342.71 0.513331
4342.85 0.513221
4342.98 0.513121
4343.11 0.513022
4343.24 0.512924
4343.37 0.512828
4343.5 0.512733
4343.63 0.51264
4343.76 0.512549
4343.89 0.512459
4344.02 0.512371
4344.16 0.512278
4344.29 0.512193
4344.42 0.512109
4344.55 0.512028
4344.68 0.511948
4344.81 0.51187
4344.94 0.511794
4345.07 0.511719
4345.2 0.511646
4345.34 0.51157
4345.47 0.5115
4345.6 0.511432
4345.73 0.511365
4345.86 0.5113
4345.99 0.511235
4346.12 0.511172
4346.25 0.511109
4346.38 0.511048
4346.52 0.510982
4346.65 0.510922
4346.78 0.510863
4346.91 0.510803
4347.04 0.510745
4347.17 0.510686
4347.3 0.510627
4347.43 0.510569
4347.56 0.51051
4347.7 0.510447
4347.83 0.510388
4347.96 0.510329
4348.09 0.510269
4348.22 0.510209
4348.35 0.510148
4348.48 0.510086
4348.61 0.510024
4348.74 0.50996
4348.88 0.509891
4349.01 0.509825
4349.14 0.509758
4349.27 0.509689
4349.4 0.50962
4349.53 0.509548
4349.66 0.509475
4349.79 0.5094
4349.93 0.509317
4350.06 0.509239
4350.19 0.509158
4350.32 0.509075
4350.45 0.50899
4350.58 0.508902
4350.71 0.508812
4350.84 0.508719
4350.98 0.508617
4351.11 0.508518
4351.24 0.508417
4351.37 0.508313
4351.5 0.508206
4351.63 0.508096
4351.76 0.507983
4351.89 0.507866
4352.03 0.507736
4352.16 0.507612
4352.29 0.507484
4352.42 0.507353
4352.55 0.507218
4352.68 0.507078
4352.81 0.506935
4352.94 0.506787
4353.08 0.506624
4353.21 0.506468
4353.34 0.506307
4353.47 0.506141
4353.6 0.505971
4353.73 0.505797
4353.86 0.505617
4353.99 0.505432
4354.13 0.505228
4354.26 0.505033
4354.39 0.504834
4354.52 0.50463
4354.65 0.504421
4354.78 0.504207
4354.91 0.50399
4355.05 0.50375
4355.18 0.503524
4355.31 0.503293
4355.44 0.503058
4355.57 0.502819
4355.7 0.502577
4355.83 0.50233
4355.97 0.502061
4356.1 0.501807
4356.23 0.501549
4356.36 0.501289
4356.49 0.501024
4356.62 0.500757
4356.75 0.500486
4356.89 0.500192
4357.02 0.499915
4357.15 0.499635
4357.28 0.499353
4357.41 0.499068
4357.54 0.49878
4357.67 0.49849
4357.81 0.498175
4357.94 0.49788
4358.07 0.497583
4358.2 0.497283
4358.33 0.496982
4358.46 0.496679
4358.59 0.496374
4358.73 0.496043
4358.86 0.495734
4358.99 0.495424
4359.12 0.495112
4359.25 0.494799
4359.38 0.494485
4359.51 0.494169
4359.65 0.493828
4359.78 0.49351
4359.91 0.493191
4360.04 0.492871
4360.17 0.492551
4360.3 0.49223
4360.43 0.491908
4360.57 0.491561
4360.7 0.491239
4360.83 0.490916
4360.96 0.490593
4361.09 0.49027
4361.22 0.489947
4361.36 0.489599
4361.49 0.489276
4361.62 0.488953
4361.75 0.488631
4361.88 0.488309
4362.01 0.487988
4362.15 0.487642
4362.28 0.487323
4362.41 0.487004
4362.54 0.486685
4362.67 0.486368
4362.8 0.486052
4362.93 0.485737
4363.07 0.485399
4363.2 0.485087
4363.33 0.484776
4363.46 0.484467
4363.59 0.48416
4363.72 0.483854
4363.86 0.483527
4363.99 0.483225
4364.12 0.482925
4364.25 0.482627
4364.38 0.482331
4364.51 0.482038
4364.65 0.481724
4364.78 0.481436
4364.91 0.48115
4365.04 0.480867
4365.17 0.480587
4365.3 0.480309
4365.44 0.480013
4365.57 0.479742
4365.7 0.479474
4365.83 0.479208
4365.96 0.478947
4366.09 0.478688
4366.23 0.478414
4366.36 0.478162
4366.49 0.477915
4366.62 0.477671
4366.75 0.477431
4366.88 0.477195
4367.02 0.476945
4367.15 0.476716
4367.28 0.476491
4367.41 0.47627
4367.54 0.476052
4367.68 0.475821
4367.81 0.47561
4367.94 0.475403
4368.07 0.475199
4368.2 0.474999
4368.33 0.474802
4368.47 0.474593
4368.6 0.474403
4368.73 0.474216
4368.86 0.474032
4368.99 0.473851
4369.12 0.473673
4369.26 0.473485
4369.39 0.473314
4369.52 0.473145
4369.65 0.47298
4369.78 0.472817
4369.92 0.472645
4370.05 0.472488
4370.18 0.472334
4370.31 0.472183
4370.44 0.472035
4370.57 0.471889
4370.71 0.471735
4370.84 0.471595
4370.97 0.471457
4371.1 0.471322
4371.23 0.471189
4371.37 0.471049
4371.5 0.470921
4371.63 0.470796
4371.76 0.470673
4371.89 0.470552
4372.02 0.470434
4372.16 0.470309
4372.29 0.470195
4372.42 0.470083
4372.55 0.469973
4372.68 0.469866
4372.82 0.469752
4372.95 0.469649
4373.08 0.469548
4373.21 0.469448
4373.34 0.469351
4373.48 0.469248
4373.61 0.469154
4373.74 0.469062
4373.87 0.468972
4374 0.468884
4374.14 0.46879
4374.27 0.468705
4374.4 0.468622
4374.53 0.46854
4374.66 0.468459
4374.8 0.468374
4374.93 0.468297
4375.06 0.468221
4375.19 0.468146
4375.32 0.468073
4375.45 0.468
4375.59 0.467924
4375.72 0.467855
4375.85 0.467786
4375.98 0.467719
4376.11 0.467653
4376.25 0.467583
4376.38 0.467519
4376.51 0.467456
4376.64 0.467394
4376.77 0.467333
4376.91 0.467268
4377.04 0.467209
4377.17 0.46715
4377.3 0.467092
4377.44 0.467031
4377.57 0.466974
4377.7 0.466919
4377.83 0.466864
4377.96 0.46681
4378.1 0.466752
4378.23 0.466699
4378.36 0.466647
4378.49 0.466596
4378.62 0.466545
4378.76 0.466491
4378.89 0.466441
4379.02 0.466393
4379.15 0.466345
4379.28 0.466297
4379.42 0.466247
4379.55 0.466201
4379.68 0.466155
4379.81 0.466111
4379.94 0.466066
4380.08 0.466019
4380.21 0.465977
4380.34 0.465934
4380.47 0.465893
4380.61 0.465848
4380.74 0.465808
4380.87 0.465768
4381 0.465729
4381.13 0.46569
4381.27 0.46565
4381.4 0.465612
4381.53 0.465575
4381.66 0.465539
4381.79 0.465503
4381.93 0.465466
4382.06 0.465431
4382.19 0.465397
4382.32 0.465364
4382.46 0.465328
4382.59 0.465296
4382.72 0.465264
4382.85 0.465233
4382.98 0.465203
4383.12 0.46517
4383.25 0.465141
4383.38 0.465112
4383.51 0.465083
4383.65 0.465053
4383.78 0.465026
4383.91 0.464999
4384.04 0.464972
4384.17 0.464946
4384.31 0.464919
4384.44 0.464894
4384.57 0.464869
4384.7 0.464845
4384.84 0.46482
4384.97 0.464797
4385.1 0.464774
4385.23 0.464752
4385.36 0.464731
4385.5 0.464708
4385.63 0.464687
4385.76 0.464667
4385.89 0.464647
4386.03 0.464626
4386.16 0.464607
4386.29 0.464589
4386.42 0.464571
4386.56 0.464551
4386.69 0.464534
4386.82 0.464517
4386.95 0.464501
4387.08 0.464485
4387.22 0.464468
4387.35 0.464453
4387.48 0.464438
4387.61 0.464424
4387.75 0.464409
4387.88 0.464395
4388.01 0.464382
4388.14 0.464369
4388.28 0.464355
4388.41 0.464343
4388.54 0.464331
4388.67 0.46432
4388.81 0.464308
4388.94 0.464297
4389.07 0.464287
4389.2 0.464276
4389.33 0.464267
4389.47 0.464257
4389.6 0.464247
4389.73 0.464239
4389.86 0.46423
4390 0.464222
4390.13 0.464214
4390.26 0.464206
4390.39 0.464199
4390.53 0.464192
4390.66 0.464185
4390.79 0.464179
4390.92 0.464173
4391.06 0.464167
4391.19 0.464161
4391.32 0.464156
4391.45 0.464151
4391.59 0.464146
4391.72 0.464142
4391.85 0.464138
4391.98 0.464134
4392.12 0.46413
4392.25 0.464127
4392.38 0.464124
4392.51 0.464121
4392.65 0.464119
4392.78 0.464116
4392.91 0.464114
4393.04 0.464112
4393.18 0.464111
4393.31 0.464109
4393.44 0.464108
4393.57 0.464107
4393.71 0.464106
4393.84 0.464106
4393.97 0.464105
4394.1 0.464105
4394.24 0.464105
4394.37 0.464105
4394.5 0.464106
4394.63 0.464107
4394.77 0.464107
4394.9 0.464108
4395.03 0.46411
4395.16 0.464111
4395.3 0.464112
4395.43 0.464114
4395.56 0.464116
4395.69 0.464118
4395.83 0.46412
4395.96 0.464122
4396.09 0.464125
4396.23 0.464127
4396.36 0.46413
4396.49 0.464133
4396.62 0.464136
4396.76 0.464139
4396.89 0.464142
4397.02 0.464146
4397.15 0.464149
4397.29 0.464153
4397.42 0.464156
4397.55 0.46416
4397.68 0.464164
4397.82 0.464168
4397.95 0.464172
4398.08 0.464176
4398.21 0.46418
4398.35 0.464185
4398.48 0.464189
4398.61 0.464193
4398.75 0.464198
4398.88 0.464202
4399.01 0.464207
4399.14 0.464212
4399.28 0.464217
4399.41 0.464221
4399.54 0.464226
4399.67 0.464231
4399.81 0.464236
4399.94 0.464241
4400.07 0.464246
4400.21 0.464251
4400.34 0.464256
4400.47 0.464261
4400.6 0.464265
4400.74 0.464271
4400.87 0.464276
4401 0.464281
4401.13 0.464286
4401.27 0.464291
4401.4 0.464296
4401.53 0.464301
4401.67 0.464306
4401.8 0.464311
4401.93 0.464315
4402.06 0.46432
4402.2 0.464325
4402.33 0.46433
4402.46 0.464335
4402.59 0.464339
4402.73 0.464344
4402.86 0.464349
4402.99 0.464353
4403.13 0.464358
4403.26 0.464362
4403.39 0.464366
4403.52 0.464371
4403.66 0.464375
4403.79 0.464379
4403.92 0.464383
4404.06 0.464387
4404.19 0.464391
4404.32 0.464394
4404.45 0.464398
4404.59 0.464402
4404.72 0.464405
4404.85 0.464408
4404.99 0.464411
4405.12 0.464414
4405.25 0.464417
4405.38 0.46442
4405.52 0.464423
4405.65 0.464425
4405.78 0.464427
4405.92 0.46443
4406.05 0.464432
4406.18 0.464434
4406.31 0.464435
4406.45 0.464437
4406.58 0.464438
4406.71 0.46444
4406.85 0.464441
4406.98 0.464442
4407.11 0.464442
4407.25 0.464443
4407.38 0.464443
4407.51 0.464443
4407.64 0.464443
4407.78 0.464443
4407.91 0.464442
4408.04 0.464442
4408.18 0.464441
4408.31 0.46444
4408.44 0.464438
4408.57 0.464437
4408.71 0.464435
4408.84 0.464433
4408.97 0.464431
4409.11 0.464428
4409.24 0.464425
4409.37 0.464422
4409.51 0.464419
4409.64 0.464415
4409.77 0.464412
4409.9 0.464408
4410.04 0.464403
4410.17 0.464399
4410.3 0.464394
4410.44 0.464389
4410.57 0.464383
4410.7 0.464378
4410.84 0.464372
4410.97 0.464366
4411.1 0.46436
4411.24 0.464354
4411.37 0.464348
4411.5 0.464342
4411.63 0.464336
4411.77 0.46433
4411.9 0.464324
4412.03 0.464318
4412.17 0.464312
4412.3 0.464307
4412.43 0.464301
4412.57 0.464296
4412.7 0.464291
4412.83 0.464287
4412.97 0.464282
4413.1 0.464278
4413.23 0.464275
4413.36 0.464271
4413.5 0.464268
4413.63 0.464266
4413.76 0.464264
4413.9 0.464263
4414.03 0.464262
4414.16 0.464262
4414.3 0.464263
4414.43 0.464264
4414.56 0.464265
4414.7 0.464268
4414.83 0.464271
4414.96 0.464275
4415.1 0.46428
4415.23 0.464285
4415.36 0.464291
4415.5 0.464299
4415.63 0.464307
4415.76 0.464316
4415.89 0.464326
4416.03 0.464337
4416.16 0.464349
4416.29 0.464362
4416.43 0.464377
4416.56 0.464392
4416.69 0.464408
4416.83 0.464426
4416.96 0.464445
4417.09 0.464464
4417.23 0.464487
4417.36 0.464509
4417.49 0.464532
4417.63 0.464559
4417.76 0.464585
4417.89 0.464613
4418.03 0.464644
4418.16 0.464674
4418.29 0.464706
4418.43 0.464742
4418.56 0.464777
4418.69 0.464813
4418.83 0.464854
4418.96 0.464894
4419.09 0.464935
4419.23 0.464981
4419.36 0.465026
4419.49 0.465072
4419.63 0.465124
4419.76 0.465174
4419.89 0.465225
4420.03 0.465283
4420.16 0.465339
4420.29 0.465396
4420.43 0.46546
4420.56 0.465521
4420.69 0.465584
4420.83 0.465654
4420.96 0.465722
4421.09 0.465791
4421.23 0.465868
4421.36 0.465942
4421.49 0.466018
4421.63 0.466102
4421.76 0.466182
4421.89 0.466265
4422.03 0.466356
4422.16 0.466443
4422.29 0.466532
4422.43 0.466631
4422.56 0.466726
4422.69 0.466822
4422.83 0.466929
4422.96 0.467031
4423.09 0.467135
4423.23 0.46725
4423.36 0.467359
4423.49 0.467471
4423.63 0.467594
4423.76 0.467711
4423.89 0.467831
4424.03 0.467963
4424.16 0.468089
4424.29 0.468217
4424.43 0.468358
4424.56 0.468492
4424.69 0.468628
4424.83 0.468779
4424.96 0.468921
4425.1 0.469078
4425.23 0.469226
4425.36 0.469378
4425.5 0.469544
4425.63 0.469701
4425.76 0.469861
4425.9 0.470036
4426.03 0.470201
4426.16 0.470369
4426.3 0.470554
4426.43 0.470727
4426.56 0.470904
4426.7 0.471097
4426.83 0.471278
4426.96 0.471463
4427.1 0.471664
4427.23 0.471854
4427.36 0.472046
4427.5 0.472256
4427.63 0.472453
4427.77 0.472668
4427.9 0.47287
4428.03 0.473075
4428.17 0.473298
4428.3 0.473508
4428.43 0.47372
4428.57 0.473951
4428.7 0.474168
4428.83 0.474387
4428.97 0.474625
4429.1 0.474849
4429.23 0.475075
4429.37 0.475321
4429.5 0.475552
4429.64 0.475802
4429.77 0.476037
4429.9 0.476274
4430.04 0.476532
4430.17 0.476773
4430.3 0.477017
4430.44 0.477281
4430.57 0.477529
4430.7 0.477779
4430.84 0.47805
4430.97 0.478303
4431.11 0.478579
4431.24 0.478836
4431.37 0.479096
4431.51 0.479378
4431.64 0.479641
4431.77 0.479906
4431.91 0.480194
4432.04 0.480463
4432.18 0.480754
4432.31 0.481027
4432.44 0.481301
4432.58 0.481599
4432.71 0.481876
4432.84 0.482156
4432.98 0.482459
4433.11 0.482741
4433.24 0.483026
4433.38 0.483334
4433.51 0.483621
4433.65 0.483933
4433.78 0.484224
4433.91 0.484516
4434.05 0.484832
4434.18 0.485127
4434.31 0.485424
4434.45 0.485745
4434.58 0.486045
4434.72 0.486369
4434.85 0.486671
4434.98 0.486975
4435.12 0.487304
4435.25 0.48761
4435.38 0.487918
4435.52 0.48825
4435.65 0.48856
4435.79 0.488896
4435.92 0.489208
4436.05 0.489522
4436.19 0.489861
4436.32 0.490177
4436.46 0.490519
4436.59 0.490837
4436.72 0.491157
4436.86 0.491502
4436.99 0.491823
4437.12 0.492145
4437.26 0.492493
4437.39 0.492817
4437.53 0.493166
4437.66 0.49349
4437.79 0.493815
4437.93 0.494165
4438.06 0.49449
4438.2 0.49484
4438.33 0.495165
4438.46 0.49549
4438.6 0.495839
4438.73 0.496162
4438.86 0.496486
4439 0.496833
4439.13 0.497154
4439.27 0.4975
4439.4 0.497819
4439.53 0.498138
4439.67 0.49848
4439.8 0.498795
4439.94 0.499134
4440.07 0.499447
4440.2 0.499758
4440.34 0.500091
4440.47 0.500398
4440.61 0.500727
4440.74 0.50103
4440.87 0.501331
4441.01 0.501653
4441.14 0.501949
4441.28 0.502265
4441.41 0.502555
4441.54 0.502843
4441.68 0.50315
4441.81 0.503432
4441.95 0.503733
4442.08 0.504008
4442.21 0.504281
4442.35 0.50457
4442.48 0.504835
4442.62 0.505117
4442.75 0.505374
4442.88 0.505628
4443.02 0.505897
4443.15 0.506143
4443.29 0.506402
4443.42 0.506639
4443.55 0.506872
4443.69 0.507117
4443.82 0.50734
4443.96 0.507575
4444.09 0.507789
4444.22 0.507997
4444.36 0.508216
4444.49 0.508414
4444.63 0.508622
4444.76 0.508809
4444.89 0.508991
4445.03 0.50918
4445.16 0.50935
4445.3 0.509527
4445.43 0.509685
4445.56 0.509837
4445.7 0.509994
4445.83 0.510133
4445.97 0.510277
4446.1 0.510404
4446.24 0.510535
4446.37 0.51065
4446.5 0.51076
4446.64 0.510872
4446.77 0.510971
4446.91 0.511072
4447.04 0.511161
4447.17 0.511245
4447.31 0.51133
4447.44 0.511405
4447.58 0.51148
4447.71 0.511546
4447.84 0.511607
4447.98 0.511669
4448.11 0.511723
4448.25 0.511776
4448.38 0.511822
4448.52 0.511868
4448.65 0.511907
4448.78 0.511943
4448.92 0.511978
4449.05 0.512008
4449.19 0.512038
4449.32 0.512062
4449.45 0.512084
4449.59 0.512105
4449.72 0.512123
4449.86 0.512139
4449.99 0.512153
4450.13 0.512165
4450.26 0.512175
4450.39 0.512184
4450.53 0.512191
4450.66 0.512197
4450.8 0.512202
4450.93 0.512206
4451.07 0.512209
4451.2 0.512212
4451.33 0.512214
4451.47 0.512215
4451.6 0.512216
4451.74 0.512218
4451.87 0.512219
4452.01 0.51222
4452.14 0.512222
4452.27 0.512224
4452.41 0.512227
4452.54 0.512231
4452.68 0.512236
4452.81 0.512241
4452.95 0.512248
4453.08 0.512256
4453.21 0.512266
4453.35 0.512278
4453.48 0.512291
4453.62 0.512307
4453.75 0.512323
4453.89 0.512344
4454.02 0.512365
4454.15 0.512389
4454.29 0.512417
4454.42 0.512447
4454.56 0.512481
4454.69 0.512516
4454.83 0.512557
4454.96 0.512599
4455.1 0.512648
4455.23 0.512696
4455.36 0.512749
4455.5 0.512809
4455.63 0.51287
4455.77 0.512939
4455.9 0.513008
4456.04 0.513087
4456.17 0.513165
4456.31 0.513254
4456.44 0.513342
4456.57 0.513434
4456.71 0.513539
4456.84 0.513642
4456.98 0.513759
4457.11 0.513873
4457.25 0.514001
4457.38 0.514124
4457.52 0.514264
4457.65 0.514398
4457.78 0.514537
4457.92 0.514692
4458.05 0.514841
4458.19 0.515007
4458.32 0.515166
4458.46 0.515342
4458.59 0.51551
4458.73 0.515697
4458.86 0.515874
4458.99 0.516057
4459.13 0.516258
4459.26 0.516449
4459.4 0.51666
4459.53 0.51686
4459.67 0.517081
4459.8 0.51729
4459.94 0.51752
4460.07 0.517738
4460.2 0.517959
4460.34 0.518203
4460.47 0.518433
4460.61 0.518685
4460.74 0.518923
4460.88 0.519184
4461.01 0.519431
4461.15 0.5197
4461.28 0.519954
4461.42 0.520232
4461.55 0.520493
4461.69 0.520779
4461.82 0.521048
4461.95 0.521321
4462.09 0.521618
4462.22 0.521898
4462.36 0.522203
4462.49 0.52249
4462.63 0.522802
4462.76 0.523096
4462.9 0.523415
4463.03 0.523715
4463.17 0.524042
4463.3 0.524349
4463.44 0.524682
4463.57 0.524995
4463.7 0.525311
4463.84 0.525654
4463.97 0.525976
4464.11 0.526325
4464.24 0.526653
4464.38 0.527009
4464.51 0.527342
4464.65 0.527704
4464.78 0.528042
4464.92 0.52841
4465.05 0.528754
4465.19 0.529127
4465.32 0.529476
4465.45 0.529827
4465.59 0.530208
4465.72 0.530565
4465.86 0.530951
4465.99 0.531312
4466.13 0.531703
4466.26 0.532068
4466.4 0.532464
4466.53 0.532833
4466.67 0.533233
4466.8 0.533607
4466.94 0.534011
4467.07 0.534389
4467.21 0.534798
4467.34 0.535179
4467.48 0.535592
4467.61 0.535976
4467.75 0.536393
4467.88 0.536781
4468.01 0.537171
4468.15 0.537592
4468.28 0.537985
4468.42 0.53841
4468.55 0.538806
4468.69 0.539234
4468.82 0.539632
4468.96 0.540063
4469.09 0.540464
4469.23 0.540897
4469.36 0.541301
4469.5 0.541736
4469.63 0.542142
4469.77 0.54258
4469.9 0.542988
4470.04 0.543428
4470.17 0.543838
4470.31 0.54428
4470.44 0.544691
4470.58 0.545135
4470.71 0.545547
4470.85 0.545993
4470.98 0.546407
4471.12 0.546853
4471.25 0.547268
4471.39 0.547716
4471.52 0.548132
4471.66 0.54858
4471.79 0.548997
4471.93 0.549446
4472.06 0.549864
4472.19 0.550282
4472.33 0.550731
4472.46 0.551149
4472.6 0.5516
4472.73 0.552018
4472.87 0.552468
4473 0.552886
4473.14 0.553336
4473.27 0.553754
4473.41 0.554204
4473.54 0.554621
4473.68 0.55507
4473.81 0.555487
4473.95 0.555936
4474.08 0.556352
4474.22 0.5568
4474.35 0.557216
4474.49 0.557664
4474.62 0.55808
4474.76 0.558527
4474.89 0.558943
4475.03 0.55939
4475.16 0.559806
4475.3 0.560253
4475.43 0.560669
4475.57 0.561116
4475.7 0.561531
4475.84 0.561979
4475.97 0.562394
4476.11 0.562842
4476.24 0.563258
4476.38 0.563706
4476.51 0.564122
4476.65 0.56457
4476.78 0.564986
4476.92 0.565435
4477.05 0.565852
4477.19 0.566301
4477.32 0.566718
4477.46 0.567168
4477.59 0.567586
4477.73 0.568037
4477.86 0.568455
4478 0.568907
4478.13 0.569326
4478.27 0.569779
4478.4 0.570199
4478.54 0.570652
4478.67 0.571073
4478.81 0.571528
4478.94 0.57195
4479.08 0.572405
4479.22 0.572862
4479.35 0.573286
4479.49 0.573743
4479.62 0.574168
4479.76 0.574627
4479.89 0.575054
4480.03 0.575514
4480.16 0.575942
4480.3 0.576404
4480.43 0.576833
4480.57 0.577297
4480.7 0.577728
4480.84 0.578193
4480.97 0.578625
4481.11 0.579092
4481.24 0.579527
4481.38 0.579996
4481.51 0.580432
4481.65 0.580903
4481.78 0.581341
4481.92 0.581814
4482.05 0.582254
4482.19 0.582729
4482.32 0.583172
4482.46 0.583649
4482.59 0.584093
4482.73 0.584573
4482.86 0.58502
4483 0.585502
4483.13 0.585951
4483.27 0.586436
4483.41 0.586922
4483.54 0.587374
4483.68 0.587863
4483.81 0.588318
4483.95 0.58881
4484.08 0.589267
4484.22 0.589762
4484.35 0.590222
4484.49 0.590719
4484.62 0.591182
4484.76 0.591683
4484.89 0.592149
4485.03 0.592652
4485.16 0.593121
4485.3 0.593628
4485.43 0.5941
4485.57 0.594609
4485.71 0.595121
4485.84 0.595598
4485.98 0.596113
4486.11 0.596593
4486.25 0.597112
4486.38 0.597595
4486.52 0.598118
4486.65 0.598605
4486.79 0.599131
4486.92 0.599622
4487.06 0.600153
4487.19 0.600648
4487.33 0.601183
4487.46 0.601683
4487.6 0.602223
4487.74 0.602765
4487.87 0.603271
4488.01 0.603818
4488.14 0.604328
4488.28 0.604881
4488.41 0.605396
4488.55 0.605953
4488.68 0.606474
4488.82 0.607036
4488.95 0.607562
4489.09 0.60813
4489.22 0.608661
4489.36 0.609235
4489.5 0.609813
4489.63 0.610352
4489.77 0.610936
4489.9 0.61148
4490.04 0.61207
4490.17 0.612621
4490.31 0.613217
4490.44 0.613774
4490.58 0.614377
4490.71 0.61494
4490.85 0.61555
4490.99 0.616163
4491.12 0.616736
4491.26 0.617357
4491.39 0.617937
4491.53 0.618564
4491.66 0.619151
4491.8 0.619786
4491.93 0.62038
4492.07 0.621023
4492.2 0.621624
4492.34 0.622275
4492.48 0.62293
4492.61 0.623542
4492.75 0.624205
4492.88 0.624825
4493.02 0.625497
4493.15 0.626124
4493.29 0.626804
4493.42 0.62744
4493.56 0.628129
4493.7 0.628822
4493.83 0.629471
4493.97 0.630173
4494.1 0.63083
4494.24 0.631541
4494.37 0.632207
4494.51 0.632928
4494.64 0.633602
4494.78 0.634332
4494.92 0.635067
4495.05 0.635754
4495.19 0.636498
4495.32 0.637193
4495.46 0.637945
4495.59 0.638647
4495.73 0.639406
4495.86 0.640115
4496 0.640881
4496.14 0.641651
4496.27 0.642368
4496.41 0.643144
4496.54 0.643866
4496.68 0.644647
4496.81 0.645375
4496.95 0.64616
4497.09 0.646948
4497.22 0.647682
4497.36 0.648474
4497.49 0.64921
4497.63 0.650005
4497.76 0.650745
4497.9 0.651542
4498.03 0.652284
4498.17 0.653084
4498.31 0.653884
4498.44 0.654628
4498.58 0.655429
4498.71 0.656174
4498.85 0.656976
4498.98 0.657721
4499.12 0.658523
4499.26 0.659324
4499.39 0.660068
4499.53 0.660869
4499.66 0.661612
4499.8 0.662411
4499.93 0.663152
4500.07 0.663949
4500.21 0.664744
4500.34 0.665482
4500.48 0.666274
4500.61 0.667008
4500.75 0.667797
4500.88 0.668527
4501.02 0.669311
4501.16 0.670093
4501.29 0.670817
4501.43 0.671593
4501.56 0.672312
4501.7 0.673082
4501.84 0.67385
4501.97 0.674559
4502.11 0.67532
4502.24 0.676024
4502.38 0.676778
4502.51 0.677477
4502.65 0.678226
4502.79 0.678973
4502.92 0.679664
4503.06 0.680407
4503.19 0.681095
4503.33 0.681834
4503.47 0.682572
4503.6 0.683256
4503.74 0.683991
4503.87 0.684674
4504.01 0.685408
4504.14 0.686089
4504.28 0.686823
4504.42 0.687556
4504.55 0.688238
4504.69 0.688972
4504.82 0.689654
4504.96 0.690389
4505.1 0.691126
4505.23 0.691811
4505.37 0.69255
4505.5 0.693238
4505.64 0.69398
4505.78 0.694724
4505.91 0.695417
4506.05 0.696166
4506.18 0.696864
4506.32 0.697618
4506.45 0.698321
4506.59 0.699082
4506.73 0.699845
4506.86 0.700558
4507 0.701329
4507.13 0.702049
4507.27 0.702828
4507.41 0.703611
4507.54 0.704343
4507.68 0.705136
4507.81 0.705877
4507.95 0.70668
4508.09 0.707488
4508.22 0.708244
4508.36 0.709064
4508.49 0.70983
4508.63 0.710662
4508.77 0.7115
4508.9 0.712284
4509.04 0.713136
4509.17 0.713933
4509.31 0.714798
4509.45 0.715671
4509.58 0.716489
4509.72 0.717377
4509.85 0.718209
4509.99 0.719113
4510.13 0.720026
4510.26 0.720882
4510.4 0.721811
4510.53 0.722683
4510.67 0.723631
4510.81 0.724589
4510.94 0.725487
4511.08 0.726463
4511.21 0.727379
4511.35 0.728376
4511.49 0.729383
4511.62 0.730328
4511.76 0.731356
4511.9 0.732395
4512.03 0.733369
4512.17 0.734427
4512.3 0.735418
4512.44 0.736492
4512.58 0.737575
4512.71 0.738587
4512.85 0.739682
4512.98 0.740705
4513.12 0.741812
4513.26 0.742923
4513.39 0.743959
4513.53 0.745078
4513.66 0.74612
4513.8 0.747244
4513.94 0.748371
4514.07 0.749417
4514.21 0.750545
4514.35 0.751673
4514.48 0.75272
4514.62 0.753847
4514.75 0.754891
4514.89 0.756014
4515.03 0.757133
4515.16 0.75817
4515.3 0.759282
4515.44 0.760389
4515.57 0.761413
4515.71 0.76251
4515.84 0.763522
4515.98 0.764606
4516.12 0.765682
4516.25 0.766674
4516.39 0.767733
4516.52 0.768708
4516.66 0.769749
4516.8 0.770779
4516.93 0.771725
4517.07 0.772733
4517.21 0.773728
4517.34 0.774641
4517.48 0.775612
4517.61 0.776503
4517.75 0.777451
4517.89 0.778387
4518.02 0.779247
4518.16 0.780163
4518.3 0.781068
4518.43 0.7819
4518.57 0.782787
4518.71 0.783665
4518.84 0.784472
4518.98 0.785334
4519.11 0.786127
4519.25 0.786973
4519.39 0.787813
4519.52 0.788586
4519.66 0.789413
4519.8 0.790234
4519.93 0.790991
4520.07 0.791802
4520.2 0.79255
4520.34 0.793351
4520.48 0.794149
4520.61 0.794886
4520.75 0.795677
4520.89 0.796464
4521.02 0.797194
4521.16 0.797977
4521.3 0.798759
4521.43 0.799483
4521.57 0.800263
4521.7 0.800986
4521.84 0.801764
4521.98 0.802543
4522.11 0.803267
4522.25 0.804047
4522.39 0.804829
4522.52 0.805556
4522.66 0.806341
4522.8 0.807129
4522.93 0.807863
4523.07 0.808657
4523.21 0.809454
4523.34 0.810198
4523.48 0.811004
4523.61 0.811756
4523.75 0.81257
4523.89 0.813389
4524.02 0.814154
4524.16 0.814981
4524.3 0.815812
4524.43 0.816588
4524.57 0.817426
4524.71 0.818267
4524.84 0.819052
4524.98 0.819899
4525.12 0.82075
4525.25 0.821542
4525.39 0.822397
4525.53 0.823254
4525.66 0.824052
4525.8 0.824913
4525.94 0.825776
4526.07 0.826579
4526.21 0.827444
4526.34 0.828249
4526.48 0.829116
4526.62 0.829984
4526.75 0.83079
4526.89 0.831659
4527.03 0.832528
4527.16 0.833335
4527.3 0.834204
4527.44 0.835072
4527.57 0.835879
4527.71 0.836748
4527.85 0.837617
4527.98 0.838425
4528.12 0.839296
4528.26 0.840168
4528.39 0.840979
4528.53 0.841854
4528.67 0.842731
4528.8 0.843547
4528.94 0.844427
4529.08 0.84531
4529.21 0.846133
4529.35 0.847021
4529.49 0.847912
4529.62 0.848742
4529.76 0.84964
4529.9 0.850541
4530.03 0.851381
4530.17 0.852289
4530.31 0.853202
4530.44 0.854054
4530.58 0.854975
4530.72 0.855902
4530.85 0.856766
4530.99 0.857702
4531.13 0.858644
4531.26 0.859523
4531.4 0.860476
4531.54 0.861435
4531.67 0.862331
4531.81 0.863302
4531.95 0.86428
4532.08 0.865194
4532.22 0.866185
4532.36 0.867184
4532.49 0.868117
4532.63 0.869131
4532.77 0.870152
4532.9 0.871107
4533.04 0.872144
4533.18 0.873189
4533.31 0.874168
4533.45 0.87523
4533.59 0.876302
4533.72 0.877304
4533.86 0.878392
4534 0.879486
4534.13 0.880509
4534.27 0.881615
4534.41 0.882727
4534.54 0.883763
4534.68 0.884882
4534.82 0.886004
4534.95 0.887048
4535.09 0.888174
4535.23 0.8893
4535.36 0.890346
4535.5 0.891472
4535.64 0.892597
4535.78 0.893719
4535.91 0.894759
4536.05 0.895876
4536.19 0.896988
4536.32 0.898016
4536.46 0.899118
4536.6 0.900214
4536.73 0.901225
4536.87 0.902307
4537.01 0.90338
4537.14 0.904368
4537.28 0.905422
4537.42 0.906466
4537.55 0.907425
4537.69 0.908447
4537.83 0.909455
4537.96 0.91038
4538.1 0.911362
4538.24 0.912334
4538.38 0.913299
4538.51 0.91419
4538.65 0.915149
4538.79 0.91611
4538.92 0.917007
4539.06 0.91798
4539.2 0.918964
4539.33 0.919891
4539.47 0.920905
4539.61 0.92194
4539.74 0.922922
4539.88 0.924006
4540.02 0.925119
4540.16 0.926265
4540.29 0.927361
4540.43 0.92858
4540.57 0.92984
4540.7 0.931052
4540.84 0.932403
4540.98 0.933805
4541.11 0.935157
4541.25 0.936668
4541.39 0.938239
4541.53 0.939873
4541.66 0.941442
4541.8 0.943184
4541.94 0.944973
4542.07 0.946675
4542.21 0.948544
4542.35 0.950448
4542.48 0.952242
4542.62 0.954197
4542.76 0.956173
4542.9 0.958163
4543.03 0.960021
4543.17 0.962026
4543.31 0.964032
4543.44 0.96589
4543.58 0.967884
4543.72 0.969863
4543.85 0.971684
4543.99 0.973623
4544.13 0.975533
4544.27 0.977411
4544.4 0.979121
4544.54 0.98092
4544.68 0.982673
4544.81 0.984254
4544.95 0.985901
4545.09 0.987486
4545.23 0.989005
4545.36 0.990351
4545.5 0.991732
4545.64 0.993043
4545.77 0.994205
4545.91 0.995398
4546.05 0.996537
4546.19 0.997625
4546.32 0.998594
4546.46 0.999598
4546.6 1.00057
4546.73 1.00143
4546.87 1.00234
4547.01 1.00323
4547.15 1.00409
4547.28 1.00489
4547.42 1.00573
4547.56 1.00656
4547.69 1.00734
4547.83 1.00818
4547.97 1.00903
4548.11 1.00988
4548.24 1.0107
4548.38 1.01159
4548.52 1.01251
4548.65 1.01339
4548.79 1.01437
4548.93 1.01536
4549.07 1.01639
4549.2 1.01736
4549.34 1.01843
4549.48 1.01952
4549.61 1.02055
4549.75 1.02168
4549.89 1.02282
4550.03 1.02399
4550.16 1.02508
4550.3 1.02627
4550.44 1.02748
4550.58 1.02869
4550.71 1.02983
4550.85 1.03107
4550.99 1.03232
4551.12 1.03348
4551.26 1.03475
4551.4 1.03601
4551.54 1.03728
4551.67 1.03847
4551.81 1.03974
4551.95 1.04102
4552.09 1.0423
4552.22 1.04348
4552.36 1.04476
4552.5 1.04603
4552.63 1.0472
4552.77 1.04846
4552.91 1.04972
4553.05 1.05096
4553.18 1.05211
4553.32 1.05334
4553.46 1.05455
4553.6 1.05576
4553.73 1.05686
4553.87 1.05804
4554.01 1.0592
4554.15 1.06035
4554.28 1.0614
4554.42 1.06252
4554.56 1.06364
4554.7 1.06474
4554.83 1.06575
4554.97 1.06684
4555.11 1.06791
4555.24 1.0689
4555.38 1.06996
4555.52 1.07101
4555.66 1.07205
4555.79 1.07302
4555.93 1.07405
4556.07 1.07508
4556.21 1.07611
4556.34 1.07706
4556.48 1.07808
4556.62 1.0791
4556.76 1.08012
4556.89 1.08106
4557.03 1.08208
4557.17 1.0831
4557.31 1.08411
4557.44 1.08506
4557.58 1.08608
4557.72 1.08709
4557.86 1.08811
4557.99 1.08905
4558.13 1.09007
4558.27 1.09109
4558.41 1.09211
4558.54 1.09305
4558.68 1.09407
4558.82 1.09508
4558.96 1.0961
4559.09 1.09705
4559.23 1.09806
4559.37 1.09908
4559.51 1.1001
