5158.49 0.242371
5158.51 0.242509
5158.53 0.242648
5158.55 0.242786
5158.56 0.242855
5158.58 0.242993
5158.6 0.243131
5158.62 0.24327
5158.64 0.243408
5158.66 0.243546
5158.68 0.243685
5158.7 0.243823
5158.71 0.243892
5158.73 0.24403
5158.75 0.244169
5158.77 0.244307
5158.79 0.244445
5158.81 0.244583
5158.83 0.244722
5158.85 0.24486
5158.86 0.244929
5158.88 0.245067
5158.9 0.245206
5158.92 0.245344
5158.94 0.245482
5158.96 0.24562
5158.98 0.245759
5159 0.245897
5159.01 0.245966
5159.03 0.246104
5159.05 0.246243
5159.07 0.246381
5159.09 0.246519
5159.11 0.246657
5159.13 0.246796
5159.15 0.246934
5159.16 0.247003
5159.18 0.247141
5159.2 0.24728
5159.22 0.247418
5159.24 0.247556
5159.26 0.247695
5159.28 0.247833
5159.3 0.247971
5159.31 0.24804
5159.33 0.248179
5159.35 0.248317
5159.37 0.248455
5159.39 0.248593
5159.41 0.248732
5159.43 0.24887
5159.45 0.249008
5159.46 0.249077
5159.48 0.249216
5159.5 0.249354
5159.52 0.249492
5159.54 0.24963
5159.56 0.249769
5159.58 0.249907
5159.6 0.250044
5159.61 0.250113
5159.63 0.250251
5159.65 0.250388
5159.67 0.250525
5159.69 0.250661
5159.71 0.250797
5159.73 0.250933
5159.75 0.251068
5159.76 0.251135
5159.78 0.251269
5159.8 0.251402
5159.82 0.251535
5159.84 0.251667
5159.86 0.251798
5159.88 0.251928
5159.9 0.252057
5159.91 0.252121
5159.93 0.252249
5159.95 0.252375
5159.97 0.252501
5159.99 0.252625
5160.01 0.252748
5160.03 0.25287
5160.04 0.252931
5160.06 0.253051
5160.08 0.253169
5160.1 0.253286
5160.12 0.253402
5160.14 0.253516
5160.16 0.253628
5160.18 0.253739
5160.19 0.253794
5160.21 0.253902
5160.23 0.254008
5160.25 0.254113
5160.27 0.254216
5160.29 0.254317
5160.31 0.254416
5160.33 0.254513
5160.34 0.254561
5160.36 0.254656
5160.38 0.254748
5160.4 0.25484
5160.42 0.254929
5160.44 0.255016
5160.46 0.255102
5160.48 0.255187
5160.49 0.255228
5160.51 0.25531
5160.53 0.25539
5160.55 0.255468
5160.57 0.255545
5160.59 0.25562
5160.61 0.255694
5160.63 0.255766
5160.64 0.255801
5160.66 0.255871
5160.68 0.255939
5160.7 0.256006
5160.72 0.256071
5160.74 0.256135
5160.76 0.256197
5160.78 0.256258
5160.79 0.256288
5160.81 0.256346
5160.83 0.256404
5160.85 0.25646
5160.87 0.256514
5160.89 0.256567
5160.91 0.256619
5160.93 0.25667
5160.94 0.256695
5160.96 0.256743
5160.98 0.25679
5161 0.256837
5161.02 0.256881
5161.04 0.256925
5161.06 0.256967
5161.08 0.257009
5161.09 0.257029
5161.11 0.257068
5161.13 0.257107
5161.15 0.257144
5161.17 0.25718
5161.19 0.257215
5161.21 0.257249
5161.23 0.257282
5161.24 0.257298
5161.26 0.257329
5161.28 0.257359
5161.3 0.257389
5161.32 0.257417
5161.34 0.257444
5161.36 0.257471
5161.38 0.257496
5161.39 0.257508
5161.41 0.257532
5161.43 0.257556
5161.45 0.257578
5161.47 0.257599
5161.49 0.25762
5161.51 0.25764
5161.53 0.257659
5161.54 0.257668
5161.56 0.257685
5161.58 0.257702
5161.6 0.257719
5161.62 0.257734
5161.64 0.257749
5161.66 0.257763
5161.68 0.257776
5161.69 0.257783
5161.71 0.257795
5161.73 0.257807
5161.75 0.257818
5161.77 0.257829
5161.79 0.257839
5161.81 0.257848
5161.83 0.257857
5161.84 0.257861
5161.86 0.257869
5161.88 0.257876
5161.9 0.257883
5161.92 0.25789
5161.94 0.257896
5161.96 0.257901
5161.98 0.257906
5161.99 0.257909
5162.01 0.257913
5162.03 0.257917
5162.05 0.257921
5162.07 0.257925
5162.09 0.257928
5162.11 0.25793
5162.13 0.257933
5162.14 0.257934
5162.16 0.257936
5162.18 0.257937
5162.2 0.257939
5162.22 0.25794
5162.24 0.257941
5162.26 0.257942
5162.28 0.257943
5162.29 0.257943
5162.31 0.257943
5162.33 0.257944
5162.35 0.257944
5162.37 0.257944
5162.39 0.257944
5162.41 0.257943
5162.43 0.257943
5162.44 0.257943
5162.46 0.257943
5162.48 0.257943
5162.5 0.257942
5162.52 0.257942
5162.54 0.257942
5162.56 0.257942
5162.58 0.257942
5162.59 0.257942
5162.61 0.257942
5162.63 0.257942
5162.65 0.257942
5162.67 0.257943
5162.69 0.257943
5162.71 0.257944
5162.73 0.257945
5162.74 0.257946
5162.76 0.257947
5162.78 0.257948
5162.8 0.25795
5162.82 0.257952
5162.84 0.257955
5162.86 0.257957
5162.88 0.25796
5162.89 0.257962
5162.91 0.257965
5162.93 0.257969
5162.95 0.257974
5162.97 0.257978
5162.99 0.257983
5163.01 0.257989
5163.03 0.257995
5163.04 0.257998
5163.06 0.258004
5163.08 0.258012
5163.1 0.258019
5163.12 0.258027
5163.14 0.258036
5163.16 0.258045
5163.18 0.258055
5163.19 0.25806
5163.21 0.258071
5163.23 0.258082
5163.25 0.258094
5163.27 0.258107
5163.29 0.25812
5163.31 0.258134
5163.33 0.258149
5163.35 0.258164
5163.36 0.258172
5163.38 0.258188
5163.4 0.258206
5163.42 0.258224
5163.44 0.258242
5163.46 0.258262
5163.48 0.258282
5163.5 0.258304
5163.51 0.258315
5163.53 0.258337
5163.55 0.258361
5163.57 0.258385
5163.59 0.25841
5163.61 0.258437
5163.63 0.258464
5163.65 0.258492
5163.66 0.258506
5163.68 0.258536
5163.7 0.258566
5163.72 0.258598
5163.74 0.258631
5163.76 0.258665
5163.78 0.258699
5163.8 0.258735
5163.81 0.258754
5163.83 0.258791
5163.85 0.25883
5163.87 0.25887
5163.89 0.258911
5163.91 0.258953
5163.93 0.258996
5163.95 0.259041
5163.96 0.259064
5163.98 0.25911
5164 0.259158
5164.02 0.259207
5164.04 0.259258
5164.06 0.259309
5164.08 0.259362
5164.1 0.259416
5164.11 0.259444
5164.13 0.2595
5164.15 0.259558
5164.17 0.259617
5164.19 0.259678
5164.21 0.25974
5164.23 0.259803
5164.25 0.259868
5164.26 0.259901
5164.28 0.259968
5164.3 0.260037
5164.32 0.260107
5164.34 0.260178
5164.36 0.260251
5164.38 0.260325
5164.4 0.260401
5164.41 0.260439
5164.43 0.260517
5164.45 0.260596
5164.47 0.260676
5164.49 0.260758
5164.51 0.260841
5164.53 0.260926
5164.55 0.261012
5164.56 0.261055
5164.58 0.261143
5164.6 0.261233
5164.62 0.261323
5164.64 0.261415
5164.66 0.261508
5164.68 0.261603
5164.7 0.261699
5164.71 0.261747
5164.73 0.261845
5164.75 0.261945
5164.77 0.262045
5164.79 0.262147
5164.81 0.26225
5164.83 0.262354
5164.85 0.26246
5164.86 0.262513
5164.88 0.262621
5164.9 0.262729
5164.92 0.262839
5164.94 0.262951
5164.96 0.263063
5164.98 0.263177
5165 0.263292
5165.01 0.26335
5165.03 0.263466
5165.05 0.263584
5165.07 0.263704
5165.09 0.263824
5165.11 0.263946
5165.13 0.264068
5165.15 0.264192
5165.16 0.264255
5165.18 0.26438
5165.2 0.264507
5165.22 0.264635
5165.24 0.264764
5165.26 0.264895
5165.28 0.265026
5165.3 0.265159
5165.31 0.265226
5165.33 0.26536
5165.35 0.265495
5165.37 0.265632
5165.39 0.26577
5165.41 0.265908
5165.43 0.266048
5165.45 0.266189
5165.46 0.26626
5165.48 0.266403
5165.5 0.266546
5165.52 0.266691
5165.54 0.266837
5165.56 0.266984
5165.58 0.267132
5165.6 0.267281
5165.62 0.267431
5165.63 0.267506
5165.65 0.267658
5165.67 0.26781
5165.69 0.267964
5165.71 0.268118
5165.73 0.268274
5165.75 0.268431
5165.77 0.268588
5165.78 0.268667
5165.8 0.268827
5165.82 0.268987
5165.84 0.269148
5165.86 0.26931
5165.88 0.269473
5165.9 0.269637
5165.92 0.269802
5165.93 0.269885
5165.95 0.270051
5165.97 0.270218
5165.99 0.270386
5166.01 0.270556
5166.03 0.270726
5166.05 0.270897
5166.07 0.271069
5166.08 0.271155
5166.1 0.271328
5166.12 0.271502
5166.14 0.271677
5166.16 0.271853
5166.18 0.27203
5166.2 0.272208
5166.22 0.272386
5166.23 0.272476
5166.25 0.272655
5166.27 0.272836
5166.29 0.273018
5166.31 0.2732
5166.33 0.273383
5166.35 0.273567
5166.37 0.273752
5166.38 0.273845
5166.4 0.274031
5166.42 0.274217
5166.44 0.274405
5166.46 0.274594
5166.48 0.274783
5166.5 0.274973
5166.52 0.275164
5166.53 0.275259
5166.55 0.275451
5166.57 0.275644
5166.59 0.275837
5166.61 0.276031
5166.63 0.276226
5166.65 0.276422
5166.67 0.276618
5166.68 0.276717
5166.7 0.276914
5166.72 0.277113
5166.74 0.277312
5166.76 0.277511
5166.78 0.277711
5166.8 0.277912
5166.82 0.278114
5166.83 0.278215
5166.85 0.278418
5166.87 0.278621
5166.89 0.278825
5166.91 0.27903
5166.93 0.279236
5166.95 0.279442
5166.97 0.279648
5166.99 0.279856
5167 0.279959
5167.02 0.280168
5167.04 0.280376
5167.06 0.280586
5167.08 0.280796
5167.1 0.281007
5167.12 0.281218
5167.14 0.28143
5167.15 0.281536
5167.17 0.281749
5167.19 0.281962
5167.21 0.282176
5167.23 0.282391
5167.25 0.282606
5167.27 0.282821
5167.29 0.283037
5167.3 0.283146
5167.32 0.283362
5167.34 0.28358
5167.36 0.283798
5167.38 0.284016
5167.4 0.284236
5167.42 0.284455
5167.44 0.284675
5167.45 0.284785
5167.47 0.285006
5167.49 0.285227
5167.51 0.285449
5167.53 0.285671
5167.55 0.285894
5167.57 0.286117
5167.59 0.286341
5167.6 0.286453
5167.62 0.286677
5167.64 0.286902
5167.66 0.287127
5167.68 0.287353
5167.7 0.287579
5167.72 0.287805
5167.74 0.288032
5167.75 0.288146
5167.77 0.288373
5167.79 0.288601
5167.81 0.288829
5167.83 0.289058
5167.85 0.289287
5167.87 0.289517
5167.89 0.289746
5167.9 0.289861
5167.92 0.290092
5167.94 0.290323
5167.96 0.290554
5167.98 0.290785
5168 0.291017
5168.02 0.291249
5168.04 0.291481
5168.06 0.291714
5168.07 0.29183
5168.09 0.292064
5168.11 0.292297
5168.13 0.292531
5168.15 0.292765
5168.17 0.292999
5168.19 0.293234
5168.21 0.293469
5168.22 0.293586
5168.24 0.293822
5168.26 0.294057
5168.28 0.294293
5168.3 0.294529
5168.32 0.294765
5168.34 0.295002
5168.36 0.295239
5168.37 0.295357
5168.39 0.295594
5168.41 0.295832
5168.43 0.296069
5168.45 0.296307
5168.47 0.296545
5168.49 0.296783
5168.51 0.297021
5168.52 0.297141
5168.54 0.297379
5168.56 0.297618
5168.58 0.297857
5168.6 0.298096
5168.62 0.298335
5168.64 0.298575
5168.66 0.298814
5168.67 0.298934
5168.69 0.299174
5168.71 0.299414
5168.73 0.299654
5168.75 0.299894
5168.77 0.300134
5168.79 0.300374
5168.81 0.300615
5168.82 0.300735
5168.84 0.300975
5168.86 0.301216
5168.88 0.301457
5168.9 0.301698
5168.92 0.301938
5168.94 0.302179
5168.96 0.30242
5168.97 0.302541
5168.99 0.302782
5169.01 0.303023
5169.03 0.303264
5169.05 0.303505
5169.07 0.303746
5169.09 0.303987
5169.11 0.304228
5169.13 0.30447
5169.14 0.30459
5169.16 0.304831
5169.18 0.305072
5169.2 0.305314
5169.22 0.305555
5169.24 0.305796
5169.26 0.306037
5169.28 0.306278
5169.29 0.306398
5169.31 0.306639
5169.33 0.30688
5169.35 0.307121
5169.37 0.307362
5169.39 0.307602
5169.41 0.307843
5169.43 0.308083
5169.44 0.308203
5169.46 0.308444
5169.48 0.308684
5169.5 0.308924
5169.52 0.309164
5169.54 0.309404
5169.56 0.309644
5169.58 0.309884
5169.59 0.310003
5169.61 0.310243
5169.63 0.310482
5169.65 0.310721
5169.67 0.31096
5169.69 0.311199
5169.71 0.311438
5169.73 0.311676
5169.74 0.311795
5169.76 0.312034
5169.78 0.312272
5169.8 0.312509
5169.82 0.312747
5169.84 0.312984
5169.86 0.313222
5169.88 0.313459
5169.9 0.313695
5169.91 0.313814
5169.93 0.31405
5169.95 0.314286
5169.97 0.314522
5169.99 0.314758
5170.01 0.314993
5170.03 0.315228
5170.05 0.315463
5170.06 0.315581
5170.08 0.315815
5170.1 0.316049
5170.12 0.316283
5170.14 0.316517
5170.16 0.31675
5170.18 0.316983
5170.2 0.317216
5170.21 0.317332
5170.23 0.317564
5170.25 0.317796
5170.27 0.318027
5170.29 0.318258
5170.31 0.318489
5170.33 0.31872
5170.35 0.31895
5170.36 0.319065
5170.38 0.319294
5170.4 0.319523
5170.42 0.319752
5170.44 0.319981
5170.46 0.320209
5170.48 0.320436
5170.5 0.320664
5170.51 0.320777
5170.53 0.321004
5170.55 0.32123
5170.57 0.321456
5170.59 0.321681
5170.61 0.321906
5170.63 0.32213
5170.65 0.322354
5170.67 0.322578
5170.68 0.32269
5170.7 0.322912
5170.72 0.323135
5170.74 0.323357
5170.76 0.323578
5170.78 0.323799
5170.8 0.32402
5170.82 0.32424
5170.83 0.324349
5170.85 0.324569
5170.87 0.324787
5170.89 0.325005
5170.91 0.325223
5170.93 0.32544
5170.95 0.325657
5170.97 0.325873
5170.98 0.32598
5171 0.326196
5171.02 0.32641
5171.04 0.326624
5171.06 0.326837
5171.08 0.32705
5171.1 0.327262
5171.12 0.327474
5171.13 0.327579
5171.15 0.32779
5171.17 0.328
5171.19 0.328209
5171.21 0.328418
5171.23 0.328626
5171.25 0.328833
5171.27 0.329039
5171.29 0.329245
5171.3 0.329348
5171.32 0.329553
5171.34 0.329757
5171.36 0.32996
5171.38 0.330162
5171.4 0.330364
5171.42 0.330565
5171.44 0.330766
5171.45 0.330865
5171.47 0.331064
5171.49 0.331263
5171.51 0.33146
5171.53 0.331657
5171.55 0.331853
5171.57 0.332048
5171.59 0.332242
5171.6 0.332339
5171.62 0.332532
5171.64 0.332724
5171.66 0.332915
5171.68 0.333105
5171.7 0.333295
5171.72 0.333483
5171.74 0.333671
5171.75 0.333765
5171.77 0.333951
5171.79 0.334136
5171.81 0.334321
5171.83 0.334504
5171.85 0.334687
5171.87 0.334868
5171.89 0.335049
5171.9 0.335139
5171.92 0.335318
5171.94 0.335496
5171.96 0.335673
5171.98 0.335849
5172 0.336024
5172.02 0.336198
5172.04 0.336371
5172.06 0.336543
5172.07 0.336629
5172.09 0.336799
5172.11 0.336969
5172.13 0.337137
5172.15 0.337304
5172.17 0.33747
5172.19 0.337635
5172.21 0.337799
5172.22 0.33788
5172.24 0.338042
5172.26 0.338203
5172.28 0.338363
5172.3 0.338522
5172.32 0.338679
5172.34 0.338836
5172.36 0.338991
5172.37 0.339068
5172.39 0.339221
5172.41 0.339374
5172.43 0.339525
5172.45 0.339674
5172.47 0.339823
5172.49 0.33997
5172.51 0.340116
5172.52 0.340189
5172.54 0.340333
5172.56 0.340476
5172.58 0.340617
5172.6 0.340758
5172.62 0.340897
5172.64 0.341034
5172.66 0.341171
5172.68 0.341306
5172.69 0.341373
5172.71 0.341506
5172.73 0.341638
5172.75 0.341768
5172.77 0.341897
5172.79 0.342025
5172.81 0.342151
5172.83 0.342276
5172.84 0.342338
5172.86 0.34246
5172.88 0.342582
5172.9 0.342701
5172.92 0.34282
5172.94 0.342937
5172.96 0.343053
5172.98 0.343167
5172.99 0.343223
5173.01 0.343335
5173.03 0.343445
5173.05 0.343554
5173.07 0.343662
5173.09 0.343768
5173.11 0.343872
5173.13 0.343975
5173.15 0.344076
5173.16 0.344126
5173.18 0.344225
5173.2 0.344323
5173.22 0.344419
5173.24 0.344513
5173.26 0.344606
5173.28 0.344697
5173.3 0.344787
5173.31 0.344831
5173.33 0.344918
5173.35 0.345003
5173.37 0.345087
5173.39 0.345169
5173.41 0.34525
5173.43 0.345329
5173.45 0.345406
5173.46 0.345444
5173.48 0.345519
5173.5 0.345592
5173.52 0.345663
5173.54 0.345733
5173.56 0.345801
5173.58 0.345867
5173.6 0.345931
5173.61 0.345963
5173.63 0.346025
5173.65 0.346085
5173.67 0.346143
5173.69 0.346199
5173.71 0.346254
5173.73 0.346307
5173.75 0.346358
5173.77 0.346408
5173.78 0.346431
5173.8 0.346478
5173.82 0.346523
5173.84 0.346566
5173.86 0.346607
5173.88 0.346646
5173.9 0.346683
5173.92 0.346719
5173.93 0.346736
5173.95 0.346768
5173.97 0.346799
5173.99 0.346828
5174.01 0.346854
5174.03 0.346879
5174.05 0.346902
5174.07 0.346923
5174.08 0.346933
5174.1 0.346951
5174.12 0.346967
5174.14 0.346982
5174.16 0.346994
5174.18 0.347004
5174.2 0.347012
5174.22 0.347018
5174.24 0.347022
5174.25 0.347024
5174.27 0.347025
5174.29 0.347024
5174.31 0.347021
5174.33 0.347016
5174.35 0.347008
5174.37 0.346999
5174.39 0.346988
5174.4 0.346981
5174.42 0.346967
5174.44 0.34695
5174.46 0.346931
5174.48 0.346911
5174.5 0.346888
5174.52 0.346862
5174.54 0.346835
5174.55 0.346821
5174.57 0.34679
5174.59 0.346757
5174.61 0.346722
5174.63 0.346685
5174.65 0.346646
5174.67 0.346604
5174.69 0.346561
5174.71 0.346515
5174.72 0.346491
5174.74 0.346441
5174.76 0.34639
5174.78 0.346336
5174.8 0.34628
5174.82 0.346221
5174.84 0.34616
5174.86 0.346097
5174.87 0.346065
5174.89 0.345998
5174.91 0.34593
5174.93 0.345859
5174.95 0.345786
5174.97 0.34571
5174.99 0.345633
5175.01 0.345554
5175.02 0.345514
5175.04 0.345432
5175.06 0.345349
5175.08 0.345264
5175.1 0.345177
5175.12 0.345089
5175.14 0.344999
5175.16 0.344908
5175.17 0.344862
5175.19 0.34477
5175.21 0.344676
5175.23 0.344581
5175.25 0.344485
5175.27 0.344388
5175.29 0.344291
5175.31 0.344192
5175.33 0.344093
5175.34 0.344043
5175.36 0.343943
5175.38 0.343843
5175.4 0.343742
5175.42 0.343641
5175.44 0.343539
5175.46 0.343438
5175.48 0.343336
5175.49 0.343285
5175.51 0.343183
5175.53 0.343082
5175.55 0.34298
5175.57 0.342879
5175.59 0.342778
5175.61 0.342678
5175.63 0.342577
5175.64 0.342528
5175.66 0.342428
5175.68 0.34233
5175.7 0.342232
5175.72 0.342135
5175.74 0.342039
5175.76 0.341943
5175.78 0.341849
5175.8 0.341756
5175.81 0.34171
5175.83 0.341619
5175.85 0.341529
5175.87 0.34144
5175.89 0.341353
5175.91 0.341268
5175.93 0.341184
5175.95 0.341101
5175.96 0.341061
5175.98 0.340981
5176 0.340904
5176.02 0.340828
5176.04 0.340754
5176.06 0.340683
5176.08 0.340613
5176.1 0.340546
5176.12 0.340481
5176.13 0.34045
5176.15 0.340388
5176.17 0.34033
5176.19 0.340274
5176.21 0.34022
5176.23 0.34017
5176.25 0.340122
5176.27 0.340077
5176.28 0.340056
5176.3 0.340015
5176.32 0.339978
5176.34 0.339944
5176.36 0.339913
5176.38 0.339885
5176.4 0.339861
5176.42 0.33984
5176.43 0.339831
5176.45 0.339816
5176.47 0.339805
5176.49 0.339797
5176.51 0.339793
5176.53 0.339792
5176.55 0.339796
5176.57 0.339804
5176.59 0.339816
5176.6 0.339824
5176.62 0.339842
5176.64 0.339865
5176.66 0.339892
5176.68 0.339923
5176.7 0.339959
5176.72 0.34
5176.74 0.340045
5176.75 0.34007
5176.77 0.340122
5176.79 0.34018
5176.81 0.340242
5176.83 0.34031
5176.85 0.340382
5176.87 0.34046
5176.89 0.340543
5176.9 0.340587
5176.92 0.340678
5176.94 0.340774
5176.96 0.340877
5176.98 0.340984
5177 0.341098
5177.02 0.341217
5177.04 0.341342
5177.06 0.341473
5177.07 0.341541
5177.09 0.34168
5177.11 0.341825
5177.13 0.341976
5177.15 0.342132
5177.17 0.342294
5177.19 0.34246
5177.21 0.342632
5177.22 0.342719
5177.24 0.342898
5177.26 0.343082
5177.28 0.34327
5177.3 0.343463
5177.32 0.34366
5177.34 0.343862
5177.36 0.344067
5177.37 0.344171
5177.39 0.344383
5177.41 0.344598
5177.43 0.344818
5177.45 0.34504
5177.47 0.345267
5177.49 0.345496
5177.51 0.345729
5177.53 0.345965
5177.54 0.346085
5177.56 0.346325
5177.58 0.346569
5177.6 0.346815
5177.62 0.347063
5177.64 0.347315
5177.66 0.347568
5177.68 0.347824
5177.69 0.347953
5177.71 0.348212
5177.73 0.348473
5177.75 0.348736
5177.77 0.349
5177.79 0.349267
5177.81 0.349534
5177.83 0.349803
5177.85 0.350074
5177.86 0.350209
5177.88 0.350481
5177.9 0.350754
5177.92 0.351028
5177.94 0.351302
5177.96 0.351578
5177.98 0.351853
5178 0.352129
5178.01 0.352267
5178.03 0.352543
5178.05 0.35282
5178.07 0.353096
5178.09 0.353372
5178.11 0.353648
5178.13 0.353923
5178.15 0.354198
5178.16 0.354336
5178.18 0.35461
5178.2 0.354883
5178.22 0.355155
5178.24 0.355426
5178.26 0.355696
5178.28 0.355965
5178.3 0.356232
5178.32 0.356498
5178.33 0.35663
5178.35 0.356893
5178.37 0.357155
5178.39 0.357414
5178.41 0.357672
5178.43 0.357927
5178.45 0.35818
5178.47 0.35843
5178.48 0.358555
5178.5 0.358801
5178.52 0.359045
5178.54 0.359287
5178.56 0.359525
5178.58 0.35976
5178.6 0.359992
5178.62 0.360221
5178.64 0.360446
5178.65 0.360558
5178.67 0.360777
5178.69 0.360994
5178.71 0.361206
5178.73 0.361415
5178.75 0.361619
5178.77 0.361819
5178.79 0.362015
5178.8 0.362112
5178.82 0.362301
5178.84 0.362486
5178.86 0.362665
5178.88 0.362841
5178.9 0.363011
5178.92 0.363176
5178.94 0.363336
5178.96 0.36349
5178.97 0.363566
5178.99 0.363712
5179.01 0.363853
5179.03 0.363988
5179.05 0.364118
5179.07 0.364242
5179.09 0.36436
5179.11 0.364474
5179.12 0.364528
5179.14 0.364634
5179.16 0.364734
5179.18 0.36483
5179.2 0.36492
5179.22 0.365006
5179.24 0.365087
5179.26 0.365164
5179.27 0.3652
5179.29 0.36527
5179.31 0.365336
5179.33 0.365397
5179.35 0.365454
5179.37 0.365508
5179.39 0.365557
5179.41 0.365602
5179.43 0.365644
5179.44 0.365664
5179.46 0.3657
5179.48 0.365733
5179.5 0.365762
5179.52 0.365789
5179.54 0.365812
5179.56 0.365832
5179.58 0.365849
5179.59 0.365856
5179.61 0.365869
5179.63 0.365879
5179.65 0.365886
5179.67 0.365891
5179.69 0.365894
5179.71 0.365894
5179.73 0.365892
5179.75 0.365887
5179.76 0.365885
5179.78 0.365877
5179.8 0.365868
5179.82 0.365857
5179.84 0.365845
5179.86 0.365831
5179.88 0.365815
5179.9 0.365798
5179.91 0.365789
5179.93 0.36577
5179.95 0.36575
5179.97 0.365729
5179.99 0.365707
5180.01 0.365684
5180.03 0.36566
5180.05 0.365636
5180.07 0.36561
5180.08 0.365597
5180.1 0.36557
5180.12 0.365542
5180.14 0.365513
5180.16 0.365484
5180.18 0.365453
5180.2 0.365422
5180.22 0.36539
5180.23 0.365374
5180.25 0.365341
5180.27 0.365307
5180.29 0.365272
5180.31 0.365236
5180.33 0.365199
5180.35 0.365162
5180.37 0.365124
5180.38 0.365105
5180.4 0.365066
5180.42 0.365026
5180.44 0.364985
5180.46 0.364944
5180.48 0.364902
5180.5 0.364859
5180.52 0.364815
5180.54 0.364771
5180.55 0.364749
5180.57 0.364704
5180.59 0.364658
5180.61 0.364611
5180.63 0.364564
5180.65 0.364516
5180.67 0.364468
5180.69 0.364418
5180.7 0.364394
5180.72 0.364344
5180.74 0.364293
5180.76 0.364242
5180.78 0.36419
5180.8 0.364137
5180.82 0.364084
5180.84 0.364031
5180.86 0.363976
5180.87 0.363949
5180.89 0.363894
5180.91 0.363839
5180.93 0.363783
5180.95 0.363726
5180.97 0.363669
5180.99 0.363611
5181.01 0.363553
5181.02 0.363524
5181.04 0.363465
5181.06 0.363406
5181.08 0.363346
5181.1 0.363286
5181.12 0.363225
5181.14 0.363164
5181.16 0.363102
5181.18 0.36304
5181.19 0.363009
5181.21 0.362947
5181.23 0.362884
5181.25 0.36282
5181.27 0.362757
5181.29 0.362692
5181.31 0.362628
5181.33 0.362563
5181.34 0.36253
5181.36 0.362465
5181.38 0.362399
5181.4 0.362333
5181.42 0.362267
5181.44 0.3622
5181.46 0.362133
5181.48 0.362066
5181.5 0.361998
5181.51 0.361964
5181.53 0.361896
5181.55 0.361828
5181.57 0.361759
5181.59 0.36169
5181.61 0.361621
5181.63 0.361552
5181.65 0.361483
5181.66 0.361448
5181.68 0.361378
5181.7 0.361308
5181.72 0.361238
5181.74 0.361167
5181.76 0.361097
5181.78 0.361026
5181.8 0.360955
5181.82 0.360884
5181.83 0.360848
5181.85 0.360777
5181.87 0.360706
5181.89 0.360634
5181.91 0.360562
5181.93 0.360491
5181.95 0.360419
5181.97 0.360347
5181.98 0.360311
5182 0.360239
5182.02 0.360167
5182.04 0.360094
5182.06 0.360022
5182.08 0.35995
5182.1 0.359877
5182.12 0.359805
5182.14 0.359733
5182.15 0.359697
5182.17 0.359624
5182.19 0.359552
5182.21 0.359479
5182.23 0.359407
5182.25 0.359335
5182.27 0.359262
5182.29 0.35919
5182.3 0.359154
5182.32 0.359082
5182.34 0.35901
5182.36 0.358938
5182.38 0.358866
5182.4 0.358794
5182.42 0.358722
5182.44 0.358651
5182.46 0.358579
5182.47 0.358544
5182.49 0.358472
5182.51 0.358401
5182.53 0.35833
5182.55 0.358259
5182.57 0.358189
5182.59 0.358118
5182.61 0.358048
5182.62 0.358013
5182.64 0.357943
5182.66 0.357873
5182.68 0.357803
5182.7 0.357734
5182.72 0.357664
5182.74 0.357595
5182.76 0.357527
5182.78 0.357458
5182.79 0.357424
5182.81 0.357356
5182.83 0.357288
5182.85 0.357221
5182.87 0.357154
5182.89 0.357087
5182.91 0.35702
5182.93 0.356954
5182.94 0.356921
5182.96 0.356855
5182.98 0.35679
5183 0.356724
5183.02 0.35666
5183.04 0.356595
5183.06 0.356531
5183.08 0.356468
5183.1 0.356404
5183.11 0.356373
5183.13 0.35631
5183.15 0.356248
5183.17 0.356186
5183.19 0.356125
5183.21 0.356064
5183.23 0.356003
5183.25 0.355943
5183.26 0.355914
5183.28 0.355854
5183.3 0.355795
5183.32 0.355737
5183.34 0.355679
5183.36 0.355622
5183.38 0.355565
5183.4 0.355508
5183.42 0.355452
5183.43 0.355425
5183.45 0.35537
5183.47 0.355315
5183.49 0.355261
5183.51 0.355208
5183.53 0.355155
5183.55 0.355103
5183.57 0.355051
5183.59 0.355
5183.6 0.354975
5183.62 0.354925
5183.64 0.354875
5183.66 0.354826
5183.68 0.354778
5183.7 0.35473
5183.72 0.354683
5183.74 0.354637
5183.75 0.354614
5183.77 0.354569
5183.79 0.354524
5183.81 0.35448
5183.83 0.354437
5183.85 0.354395
5183.87 0.354353
5183.89 0.354312
5183.91 0.354271
5183.92 0.354251
5183.94 0.354212
5183.96 0.354174
5183.98 0.354136
5184 0.354099
5184.02 0.354063
5184.04 0.354028
5184.06 0.353993
5184.07 0.353976
5184.09 0.353943
5184.11 0.35391
5184.13 0.353878
5184.15 0.353847
5184.17 0.353817
5184.19 0.353788
5184.21 0.35376
5184.23 0.353732
5184.24 0.353719
5184.26 0.353693
5184.28 0.353668
5184.3 0.353643
5184.32 0.35362
5184.34 0.353597
5184.36 0.353576
5184.38 0.353555
5184.39 0.353545
5184.41 0.353526
5184.43 0.353507
5184.45 0.35349
5184.47 0.353474
5184.49 0.353458
5184.51 0.353444
5184.53 0.35343
5184.55 0.353418
5184.56 0.353412
5184.58 0.353401
5184.6 0.353391
5184.62 0.353382
5184.64 0.353375
5184.66 0.353368
5184.68 0.353362
5184.7 0.353358
5184.71 0.353356
5184.73 0.353353
5184.75 0.353351
5184.77 0.35335
5184.79 0.35335
5184.81 0.353352
5184.83 0.353354
5184.85 0.353358
5184.87 0.353363
5184.88 0.353365
5184.9 0.353372
5184.92 0.35338
5184.94 0.353388
5184.96 0.353399
5184.98 0.35341
5185 0.353422
5185.02 0.353436
5185.04 0.353451
5185.05 0.353458
5185.07 0.353475
5185.09 0.353493
5185.11 0.353512
5185.13 0.353533
5185.15 0.353554
5185.17 0.353577
5185.19 0.353601
5185.2 0.353614
5185.22 0.35364
5185.24 0.353667
5185.26 0.353696
5185.28 0.353726
5185.3 0.353757
5185.32 0.35379
5185.34 0.353824
5185.36 0.353859
5185.37 0.353878
5185.39 0.353915
5185.41 0.353954
5185.43 0.353994
5185.45 0.354035
5185.47 0.354078
5185.49 0.354123
5185.51 0.354168
5185.52 0.354192
5185.54 0.35424
5185.56 0.354289
5185.58 0.35434
5185.6 0.354392
5185.62 0.354446
5185.64 0.354501
5185.66 0.354557
5185.68 0.354615
5185.69 0.354645
5185.71 0.354705
5185.73 0.354767
5185.75 0.35483
5185.77 0.354895
5185.79 0.354961
5185.81 0.355028
5185.83 0.355097
5185.85 0.355168
5185.86 0.355203
5185.88 0.355276
5185.9 0.35535
5185.92 0.355426
5185.94 0.355503
5185.96 0.355581
5185.98 0.355661
5186 0.355742
5186.01 0.355783
5186.03 0.355866
5186.05 0.355951
5186.07 0.356037
5186.09 0.356125
5186.11 0.356214
5186.13 0.356305
5186.15 0.356397
5186.17 0.35649
5186.18 0.356537
5186.2 0.356632
5186.22 0.356729
5186.24 0.356828
5186.26 0.356927
5186.28 0.357028
5186.3 0.357131
5186.32 0.357235
5186.33 0.357287
5186.35 0.357393
5186.37 0.3575
5186.39 0.357609
5186.41 0.357719
5186.43 0.357831
5186.45 0.357943
5186.47 0.358058
5186.49 0.358173
5186.5 0.358232
5186.52 0.358349
5186.54 0.358468
5186.56 0.358589
5186.58 0.358711
5186.6 0.358834
5186.62 0.358958
5186.64 0.359084
5186.66 0.359212
5186.67 0.359276
5186.69 0.359405
5186.71 0.359536
5186.73 0.359668
5186.75 0.359801
5186.77 0.359936
5186.79 0.360072
5186.81 0.360209
5186.82 0.360278
5186.84 0.360418
5186.86 0.360559
5186.88 0.360701
5186.9 0.360844
5186.92 0.360989
5186.94 0.361135
5186.96 0.361282
5186.98 0.361431
5186.99 0.361506
5187.01 0.361657
5187.03 0.361809
5187.05 0.361962
5187.07 0.362117
5187.09 0.362273
5187.11 0.36243
5187.13 0.362589
5187.15 0.362749
5187.16 0.362829
5187.18 0.362991
5187.2 0.363154
5187.22 0.363318
5187.24 0.363484
5187.26 0.363651
5187.28 0.36382
5187.3 0.363989
5187.31 0.364075
5187.33 0.364246
5187.35 0.364419
5187.37 0.364593
5187.39 0.364769
5187.41 0.364945
5187.43 0.365123
5187.45 0.365303
5187.47 0.365483
5187.48 0.365574
5187.5 0.365756
5187.52 0.36594
5187.54 0.366125
5187.56 0.366311
5187.58 0.366499
5187.6 0.366688
5187.62 0.366878
5187.64 0.367069
5187.65 0.367165
5187.67 0.367358
5187.69 0.367552
5187.71 0.367748
5187.73 0.367945
5187.75 0.368143
5187.77 0.368342
5187.79 0.368543
5187.8 0.368644
5187.82 0.368846
5187.84 0.36905
5187.86 0.369255
5187.88 0.369461
5187.9 0.369668
5187.92 0.369876
5187.94 0.370086
5187.96 0.370296
5187.97 0.370402
5187.99 0.370614
5188.01 0.370827
5188.03 0.371042
5188.05 0.371257
5188.07 0.371473
5188.09 0.371691
5188.11 0.371909
5188.13 0.372128
5188.14 0.372238
5188.16 0.372459
5188.18 0.37268
5188.2 0.372903
5188.22 0.373126
5188.24 0.373351
5188.26 0.373576
5188.28 0.373802
5188.29 0.373915
5188.31 0.374142
5188.33 0.37437
5188.35 0.374599
5188.37 0.374828
5188.39 0.375058
5188.41 0.375289
5188.43 0.375521
5188.45 0.375753
5188.46 0.37587
5188.48 0.376103
5188.5 0.376337
5188.52 0.376572
5188.54 0.376807
5188.56 0.377043
5188.58 0.377279
5188.6 0.377516
5188.62 0.377753
5188.63 0.377872
5188.65 0.378111
5188.67 0.378349
5188.69 0.378589
5188.71 0.378828
5188.73 0.379068
5188.75 0.379309
5188.77 0.37955
5188.78 0.379671
5188.8 0.379912
5188.82 0.380154
5188.84 0.380397
5188.86 0.380639
5188.88 0.380882
5188.9 0.381125
5188.92 0.381369
5188.94 0.381613
5188.95 0.381735
5188.97 0.381979
5188.99 0.382223
5189.01 0.382468
5189.03 0.382713
5189.05 0.382958
5189.07 0.383203
5189.09 0.383448
5189.11 0.383694
5189.12 0.383817
5189.14 0.384062
5189.16 0.384308
5189.18 0.384553
5189.2 0.384799
5189.22 0.385045
5189.24 0.385291
5189.26 0.385537
5189.27 0.385659
5189.29 0.385905
5189.31 0.386151
5189.33 0.386397
5189.35 0.386642
5189.37 0.386888
5189.39 0.387133
5189.41 0.387378
5189.43 0.387623
5189.44 0.387746
5189.46 0.38799
5189.48 0.388235
5189.5 0.388479
5189.52 0.388724
5189.54 0.388968
5189.56 0.389211
5189.58 0.389455
5189.6 0.389698
5189.61 0.389819
5189.63 0.390062
5189.65 0.390304
5189.67 0.390546
5189.69 0.390787
5189.71 0.391029
5189.73 0.391269
5189.75 0.39151
5189.76 0.39163
5189.78 0.391869
5189.8 0.392108
5189.82 0.392347
5189.84 0.392585
5189.86 0.392823
5189.88 0.39306
5189.9 0.393297
5189.92 0.393533
5189.93 0.39365
5189.95 0.393886
5189.97 0.39412
5189.99 0.394354
5190.01 0.394587
5190.03 0.39482
5190.05 0.395052
5190.07 0.395283
5190.09 0.395513
5190.1 0.395628
5190.12 0.395858
5190.14 0.396086
5190.16 0.396314
5190.18 0.396541
5190.2 0.396767
5190.22 0.396993
5190.24 0.397217
5190.26 0.397441
5190.27 0.397553
5190.29 0.397775
5190.31 0.397996
5190.33 0.398217
5190.35 0.398437
5190.37 0.398655
5190.39 0.398873
5190.41 0.39909
5190.42 0.399198
5190.44 0.399413
5190.46 0.399627
5190.48 0.39984
5190.5 0.400052
5190.52 0.400263
5190.54 0.400473
5190.56 0.400681
5190.58 0.400889
5190.59 0.400992
5190.61 0.401198
5190.63 0.401403
5190.65 0.401606
5190.67 0.401809
5190.69 0.40201
5190.71 0.40221
5190.73 0.402408
5190.75 0.402605
5190.76 0.402704
5190.78 0.402899
5190.8 0.403093
5190.82 0.403286
5190.84 0.403478
5190.86 0.403668
5190.88 0.403857
5190.9 0.404045
5190.92 0.404232
5190.93 0.404325
5190.95 0.40451
5190.97 0.404694
5190.99 0.404877
5191.01 0.405058
5191.03 0.405239
5191.05 0.405418
5191.07 0.405596
5191.08 0.405685
5191.1 0.405862
5191.12 0.406037
5191.14 0.406211
5191.16 0.406384
5191.18 0.406557
5191.2 0.406728
5191.22 0.406898
5191.24 0.407067
5191.25 0.407151
5191.27 0.407318
5191.29 0.407484
5191.31 0.40765
5191.33 0.407814
5191.35 0.407977
5191.37 0.40814
5191.39 0.408301
5191.41 0.408461
5191.42 0.408541
5191.44 0.4087
5191.46 0.408858
5191.48 0.409015
5191.5 0.409171
5191.52 0.409326
5191.54 0.409481
5191.56 0.409634
5191.58 0.409786
5191.59 0.409862
5191.61 0.410013
5191.63 0.410163
5191.65 0.410313
5191.67 0.410461
5191.69 0.410609
5191.71 0.410756
5191.73 0.410901
5191.74 0.410974
5191.76 0.411119
5191.78 0.411263
5191.8 0.411406
5191.82 0.411548
5191.84 0.411689
5191.86 0.41183
5191.88 0.41197
5191.9 0.412109
5191.91 0.412178
5191.93 0.412316
5191.95 0.412454
5191.97 0.41259
5191.99 0.412726
5192.01 0.412861
5192.03 0.412996
5192.05 0.413129
5192.07 0.413262
5192.08 0.413329
5192.1 0.413461
5192.12 0.413592
5192.14 0.413723
5192.16 0.413853
5192.18 0.413982
5192.2 0.414111
5192.22 0.414239
5192.24 0.414366
5192.25 0.41443
5192.27 0.414557
5192.29 0.414683
5192.31 0.414808
5192.33 0.414933
5192.35 0.415057
5192.37 0.415181
5192.39 0.415304
5192.4 0.415366
5192.42 0.415488
5192.44 0.41561
5192.46 0.415731
5192.48 0.415852
5192.5 0.415972
5192.52 0.416092
5192.54 0.416212
5192.56 0.416331
5192.57 0.41639
5192.59 0.416508
5192.61 0.416626
5192.63 0.416743
5192.65 0.41686
5192.67 0.416977
5192.69 0.417093
5192.71 0.417208
5192.73 0.417323
5192.74 0.417381
5192.76 0.417496
5192.78 0.41761
5192.8 0.417724
5192.82 0.417837
5192.84 0.417951
5192.86 0.418063
5192.88 0.418176
5192.9 0.418288
5192.91 0.418344
5192.93 0.418456
5192.95 0.418567
5192.97 0.418678
5192.99 0.418789
5193.01 0.4189
5193.03 0.41901
5193.05 0.41912
5193.07 0.41923
5193.08 0.419285
5193.1 0.419394
5193.12 0.419504
5193.14 0.419613
5193.16 0.419721
5193.18 0.41983
5193.2 0.419938
5193.22 0.420047
5193.23 0.420101
5193.25 0.420209
5193.27 0.420317
5193.29 0.420424
5193.31 0.420532
5193.33 0.420639
5193.35 0.420746
5193.37 0.420853
5193.39 0.420961
5193.4 0.421014
5193.42 0.421121
5193.44 0.421228
5193.46 0.421334
5193.48 0.421441
5193.5 0.421548
5193.52 0.421654
5193.54 0.421761
5193.56 0.421867
5193.57 0.42192
5193.59 0.422027
5193.61 0.422133
5193.63 0.42224
5193.65 0.422346
5193.67 0.422452
5193.69 0.422559
5193.71 0.422665
5193.73 0.422772
5193.74 0.422825
5193.76 0.422932
5193.78 0.423038
5193.8 0.423145
5193.82 0.423252
5193.84 0.423359
5193.86 0.423466
5193.88 0.423573
5193.9 0.42368
5193.91 0.423734
5193.93 0.423841
5193.95 0.423949
5193.97 0.424057
5193.99 0.424165
5194.01 0.424273
5194.03 0.424381
5194.05 0.424489
5194.06 0.424543
5194.08 0.424652
5194.1 0.424761
5194.12 0.42487
5194.14 0.424979
5194.16 0.425089
5194.18 0.425199
5194.2 0.425309
5194.22 0.425419
5194.23 0.425474
5194.25 0.425585
5194.27 0.425696
5194.29 0.425807
5194.31 0.425919
5194.33 0.42603
5194.35 0.426143
5194.37 0.426255
5194.39 0.426368
5194.4 0.426424
5194.42 0.426538
5194.44 0.426651
5194.46 0.426765
5194.48 0.42688
5194.5 0.426995
5194.52 0.42711
5194.54 0.427225
5194.56 0.427341
5194.57 0.427399
5194.59 0.427516
5194.61 0.427633
5194.63 0.42775
5194.65 0.427868
5194.67 0.427987
5194.69 0.428105
5194.71 0.428225
5194.73 0.428344
5194.74 0.428404
5194.76 0.428524
5194.78 0.428645
5194.8 0.428766
5194.82 0.428887
5194.84 0.429009
5194.86 0.429132
5194.88 0.429254
5194.9 0.429377
5194.91 0.429439
5194.93 0.429562
5194.95 0.429686
5194.97 0.429811
5194.99 0.429936
5195.01 0.430061
5195.03 0.430186
5195.05 0.430312
5195.07 0.430438
5195.08 0.430502
5195.1 0.430628
5195.12 0.430755
5195.14 0.430883
5195.16 0.431011
5195.18 0.431139
5195.2 0.431267
5195.22 0.431396
5195.23 0.431461
5195.25 0.43159
5195.27 0.43172
5195.29 0.43185
5195.31 0.43198
5195.33 0.432111
5195.35 0.432242
5195.37 0.432373
5195.39 0.432505
5195.4 0.432571
5195.42 0.432703
5195.44 0.432835
5195.46 0.432968
5195.48 0.433101
5195.5 0.433234
5195.52 0.433368
5195.54 0.433502
5195.56 0.433636
5195.57 0.433703
5195.59 0.433837
5195.61 0.433972
5195.63 0.434107
5195.65 0.434243
5195.67 0.434378
5195.69 0.434514
5195.71 0.43465
5195.73 0.434787
5195.74 0.434855
5195.76 0.434992
5195.78 0.435129
5195.8 0.435266
5195.82 0.435404
5195.84 0.435542
5195.86 0.43568
5195.88 0.435818
5195.9 0.435956
5195.91 0.436026
5195.93 0.436165
5195.95 0.436304
5195.97 0.436443
5195.99 0.436582
5196.01 0.436722
5196.03 0.436862
5196.05 0.437002
5196.07 0.437142
5196.08 0.437213
5196.1 0.437353
5196.12 0.437494
5196.14 0.437635
5196.16 0.437776
5196.18 0.437917
5196.2 0.438059
5196.22 0.438201
5196.24 0.438343
5196.25 0.438414
5196.27 0.438556
5196.29 0.438698
5196.31 0.43884
5196.33 0.438983
5196.35 0.439126
5196.37 0.439269
5196.39 0.439412
5196.41 0.439555
5196.42 0.439627
5196.44 0.43977
5196.46 0.439914
5196.48 0.440057
5196.5 0.440201
5196.52 0.440345
5196.54 0.440489
5196.56 0.440634
5196.58 0.440778
5196.59 0.44085
5196.61 0.440995
5196.63 0.441139
5196.65 0.441284
5196.67 0.441429
5196.69 0.441574
5196.71 0.441719
5196.73 0.441864
5196.74 0.441937
5196.76 0.442082
5196.78 0.442227
5196.8 0.442373
5196.82 0.442518
5196.84 0.442664
5196.86 0.442809
5196.88 0.442955
5196.9 0.443101
5196.91 0.443174
5196.93 0.44332
5196.95 0.443466
5196.97 0.443612
5196.99 0.443758
5197.01 0.443904
5197.03 0.44405
5197.05 0.444196
5197.07 0.444342
5197.08 0.444415
5197.1 0.444562
5197.12 0.444708
5197.14 0.444854
5197.16 0.445001
5197.18 0.445147
5197.2 0.445294
5197.22 0.44544
5197.24 0.445586
5197.25 0.44566
5197.27 0.445806
5197.29 0.445952
5197.31 0.446099
5197.33 0.446245
5197.35 0.446392
5197.37 0.446538
5197.39 0.446685
5197.41 0.446831
5197.42 0.446904
5197.44 0.44705
5197.46 0.447197
5197.48 0.447343
5197.5 0.447489
5197.52 0.447636
5197.54 0.447782
5197.56 0.447928
5197.58 0.448074
5197.59 0.448147
5197.61 0.448293
5197.63 0.448439
5197.65 0.448585
5197.67 0.448731
5197.69 0.448877
5197.71 0.449023
5197.73 0.449168
5197.75 0.449314
5197.76 0.449387
5197.78 0.449532
5197.8 0.449678
5197.82 0.449823
5197.84 0.449968
5197.86 0.450113
5197.88 0.450258
5197.9 0.450403
5197.92 0.450548
5197.93 0.450621
5197.95 0.450765
5197.97 0.45091
5197.99 0.451054
5198.01 0.451199
5198.03 0.451343
5198.05 0.451487
5198.07 0.451631
5198.09 0.451775
5198.1 0.451847
5198.12 0.451991
5198.14 0.452134
5198.16 0.452278
5198.18 0.452421
5198.2 0.452564
5198.22 0.452707
5198.24 0.45285
5198.26 0.452993
5198.27 0.453064
5198.29 0.453206
5198.31 0.453348
5198.33 0.453491
5198.35 0.453633
5198.37 0.453774
5198.39 0.453916
5198.41 0.454057
5198.43 0.454199
5198.44 0.454269
5198.46 0.45441
5198.48 0.454551
5198.5 0.454691
5198.52 0.454832
5198.54 0.454972
5198.56 0.455112
5198.58 0.455252
5198.6 0.455391
5198.61 0.455461
5198.63 0.4556
5198.65 0.455739
5198.67 0.455878
5198.69 0.456016
5198.71 0.456155
5198.73 0.456293
5198.75 0.456431
5198.77 0.456568
5198.78 0.456637
5198.8 0.456774
5198.82 0.456911
5198.84 0.457048
5198.86 0.457185
5198.88 0.457321
5198.9 0.457457
5198.92 0.457593
5198.94 0.457728
5198.95 0.457796
5198.97 0.457931
5198.99 0.458065
5199.01 0.4582
5199.03 0.458334
5199.05 0.458468
5199.07 0.458602
5199.09 0.458735
5199.11 0.458868
5199.12 0.458935
5199.14 0.459067
5199.16 0.4592
5199.18 0.459332
5199.2 0.459463
5199.22 0.459595
5199.24 0.459726
5199.26 0.459857
5199.28 0.459987
5199.29 0.460052
5199.31 0.460182
5199.33 0.460312
5199.35 0.460441
5199.37 0.46057
5199.39 0.460699
5199.41 0.460827
5199.43 0.460955
5199.45 0.461083
5199.46 0.461146
5199.48 0.461273
5199.5 0.4614
5199.52 0.461526
5199.54 0.461652
5199.56 0.461778
5199.58 0.461903
5199.6 0.462028
5199.62 0.462153
5199.63 0.462215
5199.65 0.462339
5199.67 0.462463
5199.69 0.462586
5199.71 0.462709
5199.73 0.462832
5199.75 0.462955
5199.77 0.463077
5199.79 0.463199
5199.8 0.463259
5199.82 0.463381
5199.84 0.463502
5199.86 0.463622
5199.88 0.463743
5199.9 0.463863
5199.92 0.463983
5199.94 0.464103
5199.96 0.464222
5199.97 0.464281
5199.99 0.4644
5200.01 0.464519
5200.03 0.464637
5200.05 0.464755
5200.07 0.464873
5200.09 0.46499
5200.11 0.465108
5200.13 0.465225
5200.14 0.465283
5200.16 0.4654
5200.18 0.465516
5200.2 0.465632
5200.22 0.465748
5200.24 0.465864
5200.26 0.465979
5200.28 0.466094
5200.3 0.466209
5200.31 0.466267
5200.33 0.466381
5200.35 0.466496
5200.37 0.46661
5200.39 0.466724
5200.41 0.466838
5200.43 0.466951
5200.45 0.467065
5200.47 0.467178
5200.48 0.467235
5200.5 0.467347
5200.52 0.46746
5200.54 0.467573
5200.56 0.467685
5200.58 0.467797
5200.6 0.467909
5200.62 0.468021
5200.64 0.468133
5200.65 0.468188
5200.67 0.4683
5200.69 0.468411
5200.71 0.468522
5200.73 0.468633
5200.75 0.468744
5200.77 0.468854
5200.79 0.468965
5200.81 0.469075
5200.82 0.46913
5200.84 0.46924
5200.86 0.46935
5200.88 0.46946
5200.9 0.469569
5200.92 0.469679
5200.94 0.469788
5200.96 0.469897
5200.98 0.470007
5200.99 0.470061
5201.01 0.47017
5201.03 0.470279
5201.05 0.470387
5201.07 0.470496
5201.09 0.470604
5201.11 0.470713
5201.13 0.470821
5201.15 0.470929
5201.16 0.470983
5201.18 0.471091
5201.2 0.471199
5201.22 0.471306
5201.24 0.471414
5201.26 0.471521
5201.28 0.471629
5201.3 0.471736
5201.32 0.471843
5201.33 0.471897
5201.35 0.472004
5201.37 0.472111
5201.39 0.472218
5201.41 0.472325
5201.43 0.472431
5201.45 0.472538
5201.47 0.472645
5201.49 0.472751
5201.5 0.472804
5201.52 0.472911
5201.54 0.473017
5201.56 0.473123
5201.58 0.47323
5201.6 0.473336
5201.62 0.473442
5201.64 0.473548
5201.66 0.473654
5201.67 0.473707
5201.69 0.473813
5201.71 0.473918
5201.73 0.474024
5201.75 0.47413
5201.77 0.474236
5201.79 0.474341
5201.81 0.474447
5201.83 0.474553
5201.84 0.474605
5201.86 0.474711
5201.88 0.474816
5201.9 0.474922
5201.92 0.475027
5201.94 0.475133
5201.96 0.475238
5201.98 0.475344
5202 0.475449
5202.01 0.475502
5202.03 0.475607
5202.05 0.475712
5202.07 0.475818
5202.09 0.475923
5202.11 0.476028
5202.13 0.476134
5202.15 0.476239
5202.17 0.476344
5202.18 0.476397
5202.2 0.476502
5202.22 0.476608
5202.24 0.476713
5202.26 0.476818
5202.28 0.476924
5202.3 0.477029
5202.32 0.477134
5202.34 0.47724
5202.35 0.477293
5202.37 0.477398
5202.39 0.477504
5202.41 0.477609
5202.43 0.477715
5202.45 0.47782
5202.47 0.477926
5202.49 0.478031
5202.51 0.478137
5202.52 0.47819
5202.54 0.478296
5202.56 0.478402
5202.58 0.478507
5202.6 0.478613
5202.62 0.478719
5202.64 0.478825
5202.66 0.478931
5202.68 0.479038
5202.69 0.479091
5202.71 0.479197
5202.73 0.479303
5202.75 0.47941
5202.77 0.479516
5202.79 0.479622
5202.81 0.479729
5202.83 0.479836
5202.85 0.479942
5202.86 0.479996
5202.88 0.480103
5202.9 0.48021
5202.92 0.480317
5202.94 0.480424
5202.96 0.480531
5202.98 0.480638
5203 0.480746
5203.02 0.480853
5203.03 0.480907
5203.05 0.481014
5203.07 0.481122
5203.09 0.48123
5203.11 0.481338
5203.13 0.481446
5203.15 0.481554
5203.17 0.481662
5203.19 0.481771
5203.21 0.481879
5203.22 0.481934
5203.24 0.482042
5203.26 0.482151
5203.28 0.48226
5203.3 0.482369
5203.32 0.482478
5203.34 0.482588
5203.36 0.482697
5203.38 0.482807
5203.39 0.482862
5203.41 0.482971
5203.43 0.483081
5203.45 0.483192
5203.47 0.483302
5203.49 0.483412
5203.51 0.483523
5203.53 0.483634
5203.55 0.483744
5203.56 0.4838
5203.58 0.483911
5203.6 0.484022
5203.62 0.484134
5203.64 0.484245
5203.66 0.484357
5203.68 0.484469
5203.7 0.484581
5203.72 0.484693
5203.73 0.484749
5203.75 0.484861
5203.77 0.484974
5203.79 0.485086
5203.81 0.485199
5203.83 0.485311
5203.85 0.485424
5203.87 0.485537
5203.89 0.48565
5203.9 0.485706
5203.92 0.485819
5203.94 0.485932
5203.96 0.486045
5203.98 0.486158
5204 0.486271
5204.02 0.486385
5204.04 0.486498
5204.06 0.486611
5204.07 0.486667
5204.09 0.486781
5204.11 0.486894
5204.13 0.487007
5204.15 0.48712
5204.17 0.487233
5204.19 0.487346
5204.21 0.487459
5204.23 0.487573
5204.24 0.487629
5204.26 0.487742
5204.28 0.487856
5204.3 0.487969
5204.32 0.488082
5204.34 0.488195
5204.36 0.488309
5204.38 0.488422
5204.4 0.488536
5204.41 0.488592
5204.43 0.488706
5204.45 0.488819
5204.47 0.488933
5204.49 0.489047
5204.51 0.48916
5204.53 0.489274
5204.55 0.489388
5204.57 0.489502
5204.59 0.489616
5204.6 0.489673
5204.62 0.489787
5204.64 0.489901
5204.66 0.490015
5204.68 0.490129
5204.7 0.490244
5204.72 0.490358
5204.74 0.490473
5204.76 0.490587
5204.77 0.490645
5204.79 0.490759
5204.81 0.490874
5204.83 0.490989
5204.85 0.491104
5204.87 0.49122
5204.89 0.491335
5204.91 0.491451
5204.93 0.491566
5204.94 0.491624
5204.96 0.49174
5204.98 0.491856
5205 0.491972
5205.02 0.492088
5205.04 0.492204
5205.06 0.49232
5205.08 0.492437
5205.1 0.492554
5205.11 0.492612
5205.13 0.492729
5205.15 0.492846
5205.17 0.492964
5205.19 0.493081
5205.21 0.493199
5205.23 0.493316
5205.25 0.493434
5205.27 0.493552
5205.28 0.493611
5205.3 0.49373
5205.32 0.493848
5205.34 0.493967
5205.36 0.494086
5205.38 0.494205
5205.4 0.494324
5205.42 0.494444
5205.44 0.494563
5205.45 0.494623
5205.47 0.494743
5205.49 0.494864
5205.51 0.494984
5205.53 0.495105
5205.55 0.495225
5205.57 0.495346
5205.59 0.495468
5205.61 0.495589
5205.62 0.49565
5205.64 0.495772
5205.66 0.495894
5205.68 0.496016
5205.7 0.496139
5205.72 0.496261
5205.74 0.496385
5205.76 0.496508
5205.78 0.496631
5205.8 0.496755
5205.81 0.496817
5205.83 0.496941
5205.85 0.497066
5205.87 0.49719
5205.89 0.497315
5205.91 0.49744
5205.93 0.497566
5205.95 0.497692
5205.97 0.497818
5205.98 0.497881
5206 0.498007
5206.02 0.498134
5206.04 0.498261
5206.06 0.498389
5206.08 0.498516
5206.1 0.498644
5206.12 0.498772
5206.14 0.498901
5206.15 0.498965
5206.17 0.499094
5206.19 0.499224
5206.21 0.499353
5206.23 0.499483
5206.25 0.499613
5206.27 0.499744
5206.29 0.499875
5206.31 0.500006
5206.32 0.500072
5206.34 0.500204
5206.36 0.500336
5206.38 0.500468
5206.4 0.500601
5206.42 0.500734
5206.44 0.500868
5206.46 0.501002
5206.48 0.501136
5206.49 0.501203
5206.51 0.501338
5206.53 0.501473
5206.55 0.501608
5206.57 0.501744
5206.59 0.50188
5206.61 0.502017
5206.63 0.502154
5206.65 0.502291
5206.67 0.502429
5206.68 0.502498
5206.7 0.502636
5206.72 0.502775
5206.74 0.502914
5206.76 0.503054
5206.78 0.503194
5206.8 0.503334
5206.82 0.503475
5206.84 0.503616
5206.85 0.503686
5206.87 0.503828
5206.89 0.50397
5206.91 0.504113
5206.93 0.504256
5206.95 0.5044
5206.97 0.504543
5206.99 0.504688
5207.01 0.504833
5207.02 0.504905
5207.04 0.505051
5207.06 0.505196
5207.08 0.505343
5207.1 0.505489
5207.12 0.505637
5207.14 0.505784
5207.16 0.505933
5207.18 0.506081
5207.19 0.506156
5207.21 0.506305
5207.23 0.506455
5207.25 0.506605
5207.27 0.506756
5207.29 0.506907
5207.31 0.507059
5207.33 0.507211
5207.35 0.507364
5207.36 0.50744
5207.38 0.507593
5207.4 0.507747
5207.42 0.507902
5207.44 0.508057
5207.46 0.508212
5207.48 0.508368
5207.5 0.508525
5207.52 0.508682
5207.54 0.508839
5207.55 0.508918
5207.57 0.509076
5207.59 0.509235
5207.61 0.509394
5207.63 0.509554
5207.65 0.509714
5207.67 0.509875
5207.69 0.510037
5207.71 0.510198
5207.72 0.510279
5207.74 0.510442
5207.76 0.510604
5207.78 0.510768
5207.8 0.510931
5207.82 0.511095
5207.84 0.511259
5207.86 0.511424
5207.88 0.511588
5207.89 0.511671
5207.91 0.511836
5207.93 0.512002
5207.95 0.512168
5207.97 0.512334
5207.99 0.5125
5208.01 0.512666
5208.03 0.512833
5208.05 0.512999
5208.06 0.513083
5208.08 0.51325
5208.1 0.513417
5208.12 0.513584
5208.14 0.513751
5208.16 0.513919
5208.18 0.514086
5208.2 0.514253
5208.22 0.514421
5208.24 0.514588
5208.25 0.514672
5208.27 0.514839
5208.29 0.515007
5208.31 0.515174
5208.33 0.515341
5208.35 0.515508
5208.37 0.515675
5208.39 0.515842
5208.41 0.516009
5208.42 0.516092
5208.44 0.516259
5208.46 0.516425
5208.48 0.516591
5208.5 0.516757
5208.52 0.516923
5208.54 0.517089
5208.56 0.517254
5208.58 0.517419
5208.59 0.517501
5208.61 0.517665
5208.63 0.51783
5208.65 0.517993
5208.67 0.518157
5208.69 0.51832
5208.71 0.518483
5208.73 0.518645
5208.75 0.518807
5208.76 0.518887
5208.78 0.519049
5208.8 0.519209
5208.82 0.519369
5208.84 0.519529
5208.86 0.519688
5208.88 0.519847
5208.9 0.520005
5208.92 0.520163
5208.94 0.52032
5208.95 0.520398
5208.97 0.520554
5208.99 0.520709
5209.01 0.520864
5209.03 0.521018
5209.05 0.521172
5209.07 0.521325
5209.09 0.521477
5209.11 0.521628
5209.12 0.521703
5209.14 0.521854
5209.16 0.522003
5209.18 0.522152
5209.2 0.5223
5209.22 0.522447
5209.24 0.522593
5209.26 0.522738
5209.28 0.522883
5209.29 0.522955
5209.31 0.523098
5209.33 0.52324
5209.35 0.523381
5209.37 0.523522
5209.39 0.523661
5209.41 0.523799
5209.43 0.523937
5209.45 0.524073
5209.47 0.524209
5209.48 0.524276
5209.5 0.52441
5209.52 0.524543
5209.54 0.524674
5209.56 0.524805
5209.58 0.524934
5209.6 0.525063
5209.62 0.52519
5209.64 0.525316
5209.65 0.525378
5209.67 0.525503
5209.69 0.525626
5209.71 0.525747
5209.73 0.525868
5209.75 0.525987
5209.77 0.526105
5209.79 0.526222
5209.81 0.526337
5209.82 0.526394
5209.84 0.526508
5209.86 0.52662
5209.88 0.526731
5209.9 0.52684
5209.92 0.526948
5209.94 0.527054
5209.96 0.527159
5209.98 0.527263
5209.99 0.527314
5210.01 0.527415
5210.03 0.527515
5210.05 0.527614
5210.07 0.52771
5210.09 0.527806
5210.11 0.527899
5210.13 0.527991
5210.15 0.528082
5210.17 0.528171
5210.18 0.528215
5210.2 0.528301
5210.22 0.528386
5210.24 0.528469
5210.26 0.528551
5210.28 0.52863
5210.3 0.528708
5210.32 0.528785
5210.34 0.528859
5210.35 0.528896
5210.37 0.528968
5210.39 0.529038
5210.41 0.529106
5210.43 0.529173
5210.45 0.529238
5210.47 0.529301
5210.49 0.529363
5210.51 0.529423
5210.52 0.529452
5210.54 0.52951
5210.56 0.529566
5210.58 0.529621
5210.6 0.529674
5210.62 0.529726
5210.64 0.529776
5210.66 0.529825
5210.68 0.529873
5210.7 0.529919
5210.71 0.529942
5210.73 0.529987
5210.75 0.53003
5210.77 0.530072
5210.79 0.530112
5210.81 0.530152
5210.83 0.530191
5210.85 0.530228
5210.87 0.530264
5210.88 0.530282
5210.9 0.530317
5210.92 0.530351
5210.94 0.530384
5210.96 0.530415
5210.98 0.530446
5211 0.530477
5211.02 0.530506
5211.04 0.530534
5211.05 0.530548
5211.07 0.530575
5211.09 0.530602
5211.11 0.530628
5211.13 0.530653
5211.15 0.530677
5211.17 0.530701
5211.19 0.530724
5211.21 0.530747
5211.23 0.530769
5211.24 0.53078
5211.26 0.530801
5211.28 0.530822
5211.3 0.530843
5211.32 0.530863
5211.34 0.530882
5211.36 0.530902
5211.38 0.530921
5211.4 0.530939
5211.41 0.530949
5211.43 0.530967
5211.45 0.530985
5211.47 0.531003
5211.49 0.531021
5211.51 0.531038
5211.53 0.531056
5211.55 0.531073
5211.57 0.531091
5211.58 0.531099
5211.6 0.531117
5211.62 0.531134
5211.64 0.531152
5211.66 0.531169
5211.68 0.531187
5211.7 0.531205
5211.72 0.531223
5211.74 0.531241
5211.76 0.53126
5211.77 0.531269
5211.79 0.531288
5211.81 0.531307
5211.83 0.531326
5211.85 0.531346
5211.87 0.531367
5211.89 0.531387
5211.91 0.531409
5211.93 0.53143
5211.94 0.531441
5211.96 0.531464
5211.98 0.531487
5212 0.53151
5212.02 0.531535
5212.04 0.53156
5212.06 0.531585
5212.08 0.531611
5212.1 0.531638
5212.12 0.531666
5212.13 0.53168
5212.15 0.531709
5212.17 0.531739
5212.19 0.53177
5212.21 0.531801
5212.23 0.531834
5212.25 0.531867
5212.27 0.531902
5212.29 0.531937
5212.3 0.531955
5212.32 0.531992
5212.34 0.53203
5212.36 0.53207
5212.38 0.53211
5212.4 0.532152
5212.42 0.532194
5212.44 0.532238
5212.46 0.532284
5212.47 0.532307
5212.49 0.532354
5212.51 0.532403
5212.53 0.532453
5212.55 0.532504
5212.57 0.532557
5212.59 0.532611
5212.61 0.532667
5212.63 0.532724
5212.65 0.532783
5212.66 0.532812
5212.68 0.532874
5212.7 0.532936
5212.72 0.533001
5212.74 0.533067
5212.76 0.533135
5212.78 0.533204
5212.8 0.533275
5212.82 0.533348
5212.83 0.533386
5212.85 0.533461
5212.87 0.533539
5212.89 0.533619
5212.91 0.5337
5212.93 0.533784
5212.95 0.533869
5212.97 0.533956
5212.99 0.534046
5213.01 0.534137
5213.02 0.534184
5213.04 0.534279
5213.06 0.534376
5213.08 0.534475
5213.1 0.534576
5213.12 0.534679
5213.14 0.534785
5213.16 0.534893
5213.18 0.535004
5213.19 0.53506
5213.21 0.535173
5213.23 0.53529
5213.25 0.535408
5213.27 0.53553
5213.29 0.535653
5213.31 0.535779
5213.33 0.535908
5213.35 0.536039
5213.36 0.536106
5213.38 0.536241
5213.4 0.536379
5213.42 0.53652
5213.44 0.536663
5213.46 0.536809
5213.48 0.536957
5213.5 0.537109
5213.52 0.537263
5213.54 0.53742
5213.55 0.5375
5213.57 0.537661
5213.59 0.537826
5213.61 0.537993
5213.63 0.538164
5213.65 0.538337
5213.67 0.538513
5213.69 0.538693
5213.71 0.538875
5213.72 0.538968
5213.74 0.539155
5213.76 0.539346
5213.78 0.539539
5213.8 0.539736
5213.82 0.539936
5213.84 0.540138
5213.86 0.540344
5213.88 0.540553
5213.9 0.540764
5213.91 0.540871
5213.93 0.541086
5213.95 0.541305
5213.97 0.541526
5213.99 0.541749
5214.01 0.541975
5214.03 0.542204
5214.05 0.542435
5214.07 0.542668
5214.08 0.542785
5214.1 0.543022
5214.12 0.543261
5214.14 0.543502
5214.16 0.543745
5214.18 0.543991
5214.2 0.544238
5214.22 0.544487
5214.24 0.544739
5214.25 0.544865
5214.27 0.545119
5214.29 0.545375
5214.31 0.545632
5214.33 0.545891
5214.35 0.546152
5214.37 0.546414
5214.39 0.546678
5214.41 0.546943
5214.43 0.547209
5214.44 0.547343
5214.46 0.547612
5214.48 0.547881
5214.5 0.548152
5214.52 0.548424
5214.54 0.548697
5214.56 0.548972
5214.58 0.549247
5214.6 0.549523
5214.61 0.549661
5214.63 0.549939
5214.65 0.550217
5214.67 0.550496
5214.69 0.550775
5214.71 0.551055
5214.73 0.551336
5214.75 0.551617
5214.77 0.551899
5214.79 0.552181
5214.8 0.552322
5214.82 0.552605
5214.84 0.552887
5214.86 0.55317
5214.88 0.553454
5214.9 0.553737
5214.92 0.55402
5214.94 0.554303
5214.96 0.554587
5214.97 0.554728
5214.99 0.555011
5215.01 0.555294
5215.03 0.555577
5215.05 0.555859
5215.07 0.556141
5215.09 0.556422
5215.11 0.556703
5215.13 0.556983
5215.15 0.557263
5215.16 0.557403
5215.18 0.557682
5215.2 0.55796
5215.22 0.558237
5215.24 0.558514
5215.26 0.55879
5215.28 0.559064
5215.3 0.559338
5215.32 0.559611
5215.33 0.559747
5215.35 0.560017
5215.37 0.560287
5215.39 0.560556
5215.41 0.560823
5215.43 0.561089
5215.45 0.561353
5215.47 0.561617
5215.49 0.561879
5215.51 0.562139
5215.52 0.562269
5215.54 0.562528
5215.56 0.562786
5215.58 0.563043
5215.6 0.563298
5215.62 0.563553
5215.64 0.563806
5215.66 0.564059
5215.68 0.56431
5215.69 0.564435
5215.71 0.564685
5215.73 0.564934
5215.75 0.565182
5215.77 0.565429
5215.79 0.565676
5215.81 0.565921
5215.83 0.566166
5215.85 0.56641
5215.87 0.566654
5215.88 0.566775
5215.9 0.567017
5215.92 0.567259
5215.94 0.5675
5215.96 0.56774
5215.98 0.56798
5216 0.568219
5216.02 0.568458
5216.04 0.568696
5216.05 0.568815
5216.07 0.569053
5216.09 0.56929
5216.11 0.569527
5216.13 0.569763
5216.15 0.569999
5216.17 0.570235
5216.19 0.57047
5216.21 0.570706
5216.23 0.570941
5216.24 0.571058
5216.26 0.571293
5216.28 0.571528
5216.3 0.571762
5216.32 0.571997
5216.34 0.572231
5216.36 0.572465
5216.38 0.5727
5216.4 0.572934
5216.41 0.573051
5216.43 0.573286
5216.45 0.57352
5216.47 0.573755
5216.49 0.57399
5216.51 0.574224
5216.53 0.57446
5216.55 0.574695
5216.57 0.574931
5216.59 0.575167
5216.6 0.575285
5216.62 0.575521
5216.64 0.575758
5216.66 0.575995
5216.68 0.576233
5216.7 0.576471
5216.72 0.57671
5216.74 0.576949
5216.76 0.577189
5216.77 0.577309
5216.79 0.577549
5216.81 0.57779
5216.83 0.578032
5216.85 0.578274
5216.87 0.578517
5216.89 0.578761
5216.91 0.579006
5216.93 0.579251
5216.95 0.579497
5216.96 0.579621
5216.98 0.579868
5217 0.580116
5217.02 0.580366
5217.04 0.580616
5217.06 0.580867
5217.08 0.581119
5217.1 0.581372
5217.12 0.581626
5217.13 0.581754
5217.15 0.582009
5217.17 0.582266
5217.19 0.582524
5217.21 0.582783
5217.23 0.583044
5217.25 0.583305
5217.27 0.583568
5217.29 0.583831
5217.31 0.584096
5217.32 0.584229
5217.34 0.584495
5217.36 0.584763
5217.38 0.585032
5217.4 0.585301
5217.42 0.585572
5217.44 0.585844
5217.46 0.586117
5217.48 0.58639
5217.49 0.586528
5217.51 0.586803
5217.53 0.587079
5217.55 0.587357
5217.57 0.587635
5217.59 0.587914
5217.61 0.588195
5217.63 0.588476
5217.65 0.588758
5217.67 0.589041
5217.68 0.589183
5217.7 0.589467
5217.72 0.589753
5217.74 0.590039
5217.76 0.590326
5217.78 0.590614
5217.8 0.590903
5217.82 0.591193
5217.84 0.591484
5217.86 0.591775
5217.87 0.591921
5217.89 0.592214
5217.91 0.592507
5217.93 0.592802
5217.95 0.593097
5217.97 0.593393
5217.99 0.59369
5218.01 0.593987
5218.03 0.594285
5218.04 0.594435
5218.06 0.594734
5218.08 0.595034
5218.1 0.595335
5218.12 0.595636
5218.14 0.595939
5218.16 0.596242
5218.18 0.596545
5218.2 0.59685
5218.22 0.597155
5218.23 0.597307
5218.25 0.597613
5218.27 0.59792
5218.29 0.598227
5218.31 0.598535
5218.33 0.598843
5218.35 0.599152
5218.37 0.599462
5218.39 0.599772
5218.4 0.599928
5218.42 0.600239
5218.44 0.600551
5218.46 0.600863
5218.48 0.601176
5218.5 0.601489
5218.52 0.601803
5218.54 0.602117
5218.56 0.602432
5218.58 0.602747
5218.59 0.602905
5218.61 0.603221
5218.63 0.603538
5218.65 0.603855
5218.67 0.604172
5218.69 0.60449
5218.71 0.604808
5218.73 0.605127
5218.75 0.605446
5218.76 0.605606
5218.78 0.605926
5218.8 0.606246
5218.82 0.606566
5218.84 0.606887
5218.86 0.607208
5218.88 0.60753
5218.9 0.607852
5218.92 0.608174
5218.94 0.608497
5218.95 0.608658
5218.97 0.608981
5218.99 0.609305
5219.01 0.609629
5219.03 0.609955
5219.05 0.610282
5219.07 0.61061
5219.09 0.610941
5219.11 0.611274
5219.13 0.611609
5219.14 0.611778
5219.16 0.612117
5219.18 0.612459
5219.2 0.612805
5219.22 0.613155
5219.24 0.613508
5219.26 0.613866
5219.28 0.614228
5219.3 0.614595
5219.31 0.614781
5219.33 0.615155
5219.35 0.615535
5219.37 0.615921
5219.39 0.616312
5219.41 0.61671
5219.43 0.617114
5219.45 0.617526
5219.47 0.617944
5219.49 0.618369
5219.5 0.618585
5219.52 0.619021
5219.54 0.619466
5219.56 0.619919
5219.58 0.620381
5219.6 0.620851
5219.62 0.62133
5219.64 0.621817
5219.66 0.622312
5219.67 0.622561
5219.69 0.623064
5219.71 0.623571
5219.73 0.624082
5219.75 0.624595
5219.77 0.62511
5219.79 0.625626
